# 发布者 @一棵平衡树 请勿二次发布
# 非小酋玩家原神5.0后小保底序列，0表示小保底歪了，1表示小保底没歪，序列用括号包裹，括号后数字为此序列出现的总数。统计截止2025年4月。
# 做了更精确的前处理筛选，保证记录从5.0后第一个小保底开始
# 配套解析视频 https://www.bilibili.com/video/BV13XBiYZErT/
(),9173
(0,),2329
(0, 0),1348
(1,),1341
(1, 0),1222
(1, 1),838
(0, 0, 1),802
(0, 1),785
(0, 1, 0),666
(1, 1, 0),646
(1, 0, 0),569
(1, 1, 1),482
(0, 0, 1, 0),474
(0, 1, 1),401
(1, 0, 1),387
(0, 0, 1, 1),321
(1, 1, 1, 0),302
(1, 1, 0, 0),302
(0, 1, 1, 0),282
(1, 0, 0, 0),273
(0, 1, 0, 0),259
(1, 0, 1, 0),257
(1, 1, 1, 1),251
(0, 1, 1, 1),212
(0, 0, 1, 1, 0),207
(1, 0, 0, 1),199
(0, 0, 1, 0, 0),199
(1, 0, 1, 1),196
(0, 1, 0, 1),173
(1, 1, 0, 1),170
(0, 0, 1, 1, 1),166
(1, 1, 1, 1, 0),140
(1, 0, 0, 0, 1),134
(1, 0, 1, 1, 0),132
(0, 1, 1, 1, 0),127
(0, 1, 0, 0, 1),124
(1, 1, 0, 0, 0),121
(1, 1, 0, 1, 0),120
(1, 1, 1, 1, 1),119
(0, 0, 1, 0, 1),119
(1, 1, 1, 0, 0),118
(0, 1, 1, 1, 1),113
(0, 1, 1, 0, 0),103
(1, 0, 1, 0, 0),101
(1, 0, 0, 1, 0),100
(0, 0, 1, 1, 1, 0),92
(0, 1, 1, 0, 1),87
(0, 1, 0, 1, 0),87
(1, 1, 1, 0, 1),85
(1, 0, 0, 1, 1),85
(1, 0, 1, 1, 1),83
(1, 1, 0, 1, 1),81
(1, 1, 0, 0, 1),80
(0, 0, 1, 0, 1, 0),74
(1, 0, 1, 0, 1),70
(0, 1, 0, 1, 1),70
(1, 1, 1, 1, 0, 0),70
(1, 1, 1, 0, 1, 0),69
(1, 0, 0, 0, 1, 0),65
(0, 0, 1, 1, 0, 0),63
(0, 0, 1, 1, 1, 1),62
(0, 0, 1, 0, 0, 1),61
(1, 0, 1, 1, 1, 0),56
(0, 1, 0, 0, 1, 0),53
(0, 1, 1, 1, 1, 0),50
(1, 1, 1, 1, 1, 0),50
(1, 1, 1, 1, 0, 1),49
(0, 0, 1, 0, 1, 1),48
(0, 1, 1, 1, 0, 0),48
(1, 1, 1, 1, 1, 1),48
(1, 1, 0, 0, 1, 0),47
(1, 1, 0, 1, 1, 1),47
(0, 1, 0, 1, 1, 0),46
(1, 0, 0, 0, 1, 1),46
(0, 1, 1, 1, 1, 1),46
(0, 0, 1, 1, 1, 1, 0),43
(0, 1, 1, 0, 1, 0),43
(1, 0, 0, 1, 1, 0),43
(1, 1, 1, 0, 1, 1),41
(1, 1, 0, 1, 1, 0),41
(0, 1, 0, 0, 1, 1),41
(1, 1, 0, 0, 0, 1),39
(1, 0, 1, 1, 0, 0),39
(1, 0, 0, 1, 1, 1),39
(1, 1, 0, 1, 0, 0),38
(1, 0, 1, 0, 1, 0),38
(1, 1, 1, 0, 0, 0),37
(1, 0, 0, 1, 0, 1),35
(1, 0, 1, 1, 0, 1),35
(1, 0, 1, 0, 0, 0),34
(1, 0, 1, 1, 1, 1),34
(0, 0, 1, 1, 0, 1),34
(0, 0, 1, 0, 0, 1, 1),33
(1, 1, 1, 0, 0, 1),30
(0, 1, 1, 1, 0, 1),29
(0, 1, 1, 0, 1, 1),28
(0, 0, 1, 1, 0, 1, 0),27
(1, 0, 1, 1, 1, 1, 0),27
(0, 0, 1, 0, 0, 1, 0),27
(0, 1, 0, 1, 1, 1),27
(1, 1, 0, 0, 0, 1, 0),26
(1, 1, 0, 1, 0, 1),26
(0, 1, 1, 0, 0, 0),25
(1, 0, 0, 0, 1, 1, 0),25
(1, 0, 0, 0, 1, 0, 0),25
(1, 1, 1, 1, 1, 1, 0),24
(1, 0, 1, 0, 0, 1),24
(1, 1, 1, 0, 0, 1, 0),24
(1, 1, 1, 1, 1, 0, 0),24
(0, 1, 1, 1, 1, 1, 0),24
(1, 1, 0, 0, 1, 1),23
(0, 0, 1, 1, 1, 0, 0),23
(1, 1, 1, 1, 1, 1, 1),23
(1, 0, 1, 0, 1, 1),23
(0, 0, 1, 1, 0, 1, 1),22
(0, 1, 0, 1, 0, 1),22
(0, 1, 0, 1, 0, 0),21
(0, 1, 0, 0, 1, 1, 0),21
(1, 1, 0, 1, 1, 0, 0),20
(1, 1, 0, 1, 1, 1, 0),20
(0, 0, 1, 0, 1, 1, 0),20
(1, 1, 1, 0, 1, 1, 0),20
(0, 1, 1, 1, 0, 1, 0),19
(1, 0, 1, 1, 1, 1, 1),19
(0, 0, 1, 1, 1, 1, 1),19
(0, 1, 0, 0, 1, 0, 0),19
(0, 1, 0, 0, 1, 1, 1),19
(1, 0, 0, 1, 0, 0),19
(1, 1, 0, 1, 1, 1, 1),18
(0, 1, 1, 1, 0, 0, 0),18
(0, 1, 0, 0, 1, 0, 1),18
(1, 1, 1, 1, 1, 0, 1),17
(1, 1, 0, 1, 0, 1, 0),17
(1, 0, 1, 1, 1, 0, 1),17
(1, 0, 1, 0, 0, 1, 0),17
(0, 1, 1, 0, 0, 1),17
(0, 1, 1, 0, 0, 1, 0),17
(0, 0, 1, 0, 0, 1, 1, 0),17
(1, 1, 1, 1, 0, 0, 0),17
(0, 1, 0, 1, 0, 0, 1),17
(1, 0, 0, 1, 1, 0, 0),16
(0, 1, 1, 1, 1, 0, 0),16
(1, 0, 0, 1, 0, 1, 0),16
(1, 1, 1, 1, 0, 0, 1),15
(1, 1, 1, 0, 1, 1, 1),15
(1, 1, 0, 0, 1, 1, 0),15
(1, 0, 0, 1, 1, 0, 1),15
(0, 1, 0, 1, 1, 1, 0),15
(1, 0, 1, 0, 1, 1, 0),15
(1, 1, 1, 1, 0, 1, 1),15
(0, 0, 1, 1, 0, 0, 1),15
(1, 1, 0, 0, 1, 0, 0),14
(0, 1, 1, 0, 1, 1, 0),14
(1, 0, 0, 0, 1, 1, 1),14
(1, 1, 0, 0, 0, 1, 1),14
(0, 0, 1, 0, 1, 1, 1, 0),14
(0, 1, 0, 1, 1, 0, 0),14
(1, 0, 1, 0, 1, 1, 1),14
(0, 1, 1, 1, 1, 1, 1, 1),14
(1, 1, 0, 1, 0, 0, 0),14
(1, 1, 1, 0, 0, 0, 1),14
(1, 0, 0, 1, 0, 1, 1),13
(1, 1, 1, 1, 1, 1, 1, 1),13
(1, 0, 0, 1, 1, 1, 0),13
(1, 1, 1, 1, 0, 1, 0),13
(0, 0, 1, 0, 1, 0, 1),13
(0, 1, 1, 0, 0, 1, 1),13
(1, 0, 0, 1, 0, 0, 1),13
(0, 1, 0, 1, 0, 1, 0),12
(0, 1, 1, 1, 1, 0, 1),12
(1, 0, 0, 1, 1, 1, 1),11
(0, 1, 0, 1, 0, 1, 1),11
(1, 0, 1, 0, 0, 1, 1),11
(0, 1, 0, 1, 0, 0, 1, 0),11
(1, 1, 1, 1, 0, 1, 1, 1),11
(0, 1, 0, 1, 1, 1, 1),11
(0, 1, 1, 1, 1, 1, 1),11
(1, 0, 0, 0, 1, 0, 0, 1),11
(1, 1, 0, 0, 1, 1, 1),11
(0, 1, 1, 0, 1, 1, 1),11
(0, 0, 1, 0, 1, 1, 1),11
(0, 1, 1, 0, 1, 0, 1),11
(0, 0, 1, 1, 1, 1, 1, 1),11
(1, 0, 1, 0, 0, 0, 1),10
(1, 0, 1, 1, 0, 1, 0),10
(1, 0, 1, 1, 1, 0, 0, 0),10
(1, 0, 1, 1, 0, 0, 0),10
(1, 1, 0, 1, 0, 1, 1),10
(0, 1, 1, 1, 0, 1, 0, 0),10
(0, 1, 1, 0, 0, 0, 1),10
(1, 1, 0, 1, 1, 1, 1, 0),10
(1, 1, 1, 0, 1, 0, 1),10
(1, 1, 0, 1, 1, 0, 1),10
(0, 0, 1, 0, 1, 0, 0),10
(0, 1, 0, 1, 1, 1, 1, 1),10
(0, 0, 1, 1, 0, 1, 1, 0),10
(0, 0, 1, 0, 0, 1, 0, 0),10
(0, 0, 1, 1, 1, 1, 1, 0),10
(1, 1, 1, 0, 1, 0, 0),10
(1, 0, 1, 1, 0, 1, 1),10
(0, 0, 1, 1, 0, 1, 0, 1),9
(1, 1, 1, 1, 1, 1, 0, 1, 0),9
(1, 0, 0, 1, 0, 1, 0, 1),9
(1, 0, 1, 1, 0, 0, 1),9
(0, 1, 1, 0, 1, 0, 0),9
(0, 0, 1, 1, 1, 0, 1),9
(0, 0, 1, 1, 1, 1, 0, 0),9
(1, 1, 1, 1, 1, 1, 1, 0),9
(1, 0, 1, 0, 1, 1, 1, 1),9
(0, 0, 1, 0, 0, 1, 1, 1),9
(0, 0, 1, 1, 0, 0, 0),9
(0, 1, 1, 1, 1, 1, 1, 0),9
(0, 0, 1, 1, 1, 0, 1, 1),9
(0, 0, 1, 1, 0, 0, 1, 0),9
(1, 0, 1, 1, 1, 0, 0),9
(0, 0, 1, 1, 0, 0, 0, 1),9
(1, 1, 1, 0, 1, 1, 1, 0),9
(1, 1, 1, 1, 1, 1, 0, 1),8
(1, 0, 0, 0, 1, 0, 1),8
(1, 1, 1, 0, 0, 1, 1),8
(0, 1, 0, 0, 1, 1, 1, 1),8
(1, 1, 0, 0, 0, 1, 1, 0),8
(1, 0, 1, 0, 1, 0, 0),8
(0, 1, 0, 1, 0, 1, 1, 0),8
(1, 1, 1, 0, 0, 0, 1, 0),8
(1, 0, 0, 1, 0, 1, 1, 0),8
(1, 1, 1, 1, 0, 0, 0, 1),8
(1, 1, 0, 0, 1, 0, 1),8
(1, 0, 0, 0, 1, 1, 1, 0),8
(0, 1, 1, 0, 1, 1, 1, 1),8
(1, 0, 1, 0, 0, 1, 0, 1),8
(0, 1, 1, 0, 1, 0, 1, 0),8
(1, 0, 1, 0, 1, 1, 1, 0),8
(0, 1, 1, 0, 1, 1, 1, 0),8
(0, 0, 1, 1, 1, 0, 1, 0),8
(0, 0, 1, 0, 1, 1, 0, 0),8
(0, 1, 0, 1, 1, 0, 1),7
(1, 0, 1, 1, 1, 1, 0, 0),7
(1, 1, 0, 1, 0, 0, 1),7
(0, 1, 0, 1, 1, 1, 1, 0),7
(0, 1, 1, 1, 1, 0, 1, 1),7
(1, 0, 1, 0, 1, 0, 1, 1),7
(1, 1, 1, 0, 1, 1, 0, 0),7
(0, 1, 1, 1, 0, 1, 1),7
(0, 0, 1, 0, 1, 0, 1, 0),7
(1, 0, 1, 1, 0, 1, 0, 0),7
(1, 1, 1, 0, 1, 0, 1, 0),7
(0, 0, 1, 1, 1, 1, 0, 1),7
(1, 0, 0, 0, 1, 1, 1, 1),7
(0, 0, 1, 0, 0, 1, 0, 1),7
(1, 1, 1, 1, 0, 0, 1, 1),6
(1, 0, 0, 1, 1, 0, 0, 1),6
(0, 1, 0, 1, 1, 0, 1, 0),6
(0, 1, 1, 0, 1, 1, 0, 1),6
(0, 1, 1, 0, 0, 0, 1, 0),6
(0, 1, 1, 1, 0, 0, 0, 1),6
(0, 0, 1, 0, 1, 1, 1, 1),6
(1, 1, 0, 0, 0, 1, 0, 1),6
(1, 0, 0, 1, 0, 0, 1, 0),6
(1, 1, 1, 0, 1, 1, 1, 1, 1),6
(0, 1, 0, 0, 1, 1, 1, 0),6
(0, 1, 1, 0, 0, 1, 0, 1),6
(0, 0, 1, 1, 0, 1, 1, 1),6
(1, 1, 1, 1, 0, 1, 0, 1),6
(0, 1, 0, 0, 1, 0, 1, 1),6
(1, 1, 1, 0, 1, 1, 0, 1),6
(0, 1, 0, 1, 1, 1, 0, 0),6
(1, 1, 0, 1, 1, 0, 1, 1),6
(1, 1, 0, 1, 0, 1, 0, 0),6
(0, 1, 0, 0, 1, 1, 0, 0),6
(1, 1, 0, 1, 0, 1, 1, 1, 0),6
(1, 0, 1, 1, 1, 1, 1, 0),6
(1, 0, 1, 0, 1, 0, 1, 0),6
(0, 1, 1, 1, 1, 1, 0, 0),6
(1, 0, 1, 1, 0, 1, 1, 1),6
(1, 1, 0, 1, 1, 1, 0, 0),6
(1, 1, 1, 0, 1, 1, 1, 1),6
(1, 0, 0, 0, 1, 0, 1, 0),5
(0, 1, 0, 1, 0, 1, 1, 1),5
(1, 1, 1, 1, 0, 0, 1, 0),5
(1, 1, 0, 1, 1, 0, 1, 1, 0),5
(0, 0, 1, 1, 0, 0, 1, 1),5
(1, 1, 1, 0, 0, 1, 1, 1, 1),5
(0, 1, 1, 0, 0, 1, 1, 1),5
(1, 0, 1, 1, 1, 0, 1, 0),5
(1, 1, 0, 1, 1, 1, 1, 1),5
(0, 1, 0, 0, 1, 0, 1, 1, 0),5
(1, 1, 1, 0, 0, 1, 0, 0),5
(1, 0, 1, 0, 1, 0, 1),5
(1, 1, 1, 0, 0, 1, 0, 1),5
(0, 1, 0, 1, 0, 0, 1, 1),5
(1, 0, 1, 0, 1, 1, 0, 0),5
(1, 1, 0, 1, 0, 1, 1, 1),5
(1, 1, 0, 1, 0, 0, 0, 1),5
(1, 1, 0, 1, 1, 0, 0, 0),5
(1, 1, 0, 1, 0, 1, 0, 1),5
(0, 0, 1, 0, 0, 1, 0, 0, 1),5
(1, 1, 1, 1, 1, 0, 1, 1),5
(0, 1, 1, 1, 0, 1, 1, 0),5
(0, 0, 1, 0, 1, 0, 1, 1, 0),5
(0, 0, 1, 0, 0, 1, 1, 1, 0),5
(1, 1, 0, 0, 0, 1, 1, 1),5
(0, 0, 1, 0, 1, 0, 0, 1),5
(0, 0, 1, 1, 1, 1, 1, 1, 1),5
(1, 1, 0, 1, 1, 0, 1, 0),5
(0, 1, 0, 0, 1, 0, 0, 1),5
(1, 0, 1, 0, 0, 1, 1, 0),5
(1, 0, 0, 1, 1, 1, 0, 0),5
(0, 1, 0, 1, 0, 1, 0, 1),5
(1, 0, 0, 0, 1, 0, 0, 1, 0),5
(1, 0, 0, 1, 1, 1, 1, 0),5
(1, 1, 0, 1, 1, 1, 0, 1),5
(1, 1, 1, 1, 1, 1, 1, 1, 0),5
(1, 1, 0, 0, 1, 0, 1, 1),5
(0, 1, 1, 1, 0, 1, 1, 1, 0),5
(1, 0, 1, 1, 1, 1, 1, 1),4
(1, 0, 0, 1, 1, 0, 1, 0),4
(1, 0, 1, 0, 1, 1, 0, 1),4
(0, 0, 1, 1, 1, 1, 1, 0, 1),4
(1, 1, 1, 0, 0, 1, 1, 1),4
(1, 1, 0, 1, 1, 1, 1, 0, 0),4
(0, 1, 0, 0, 1, 1, 0, 1),4
(1, 0, 0, 0, 1, 1, 0, 1),4
(0, 1, 1, 1, 0, 0, 1),4
(0, 0, 1, 0, 1, 1, 0, 1),4
(0, 1, 1, 1, 1, 0, 0, 1, 0),4
(0, 0, 1, 0, 1, 1, 1, 1, 1),4
(1, 0, 1, 1, 1, 0, 0, 0, 1),4
(1, 0, 1, 1, 0, 1, 1, 1, 0),4
(0, 0, 1, 1, 0, 1, 1, 1, 0),4
(1, 1, 1, 0, 1, 1, 0, 1, 1, 0),4
(0, 1, 1, 1, 1, 0, 1, 0),4
(1, 0, 1, 1, 0, 0, 0, 1),4
(0, 1, 0, 0, 1, 1, 1, 1, 0, 0),4
(0, 1, 0, 0, 1, 0, 1, 0),4
(1, 0, 0, 0, 1, 1, 0, 1, 0),4
(1, 1, 1, 1, 0, 1, 0, 0),4
(0, 1, 0, 1, 0, 0, 1, 1, 1),4
(1, 1, 0, 0, 0, 1, 1, 1, 0),4
(1, 0, 0, 1, 0, 0, 1, 1, 0),4
(1, 1, 1, 1, 0, 0, 0, 1, 0),4
(1, 1, 1, 1, 1, 0, 0, 0),4
(1, 0, 1, 0, 1, 0, 0, 1),4
(0, 1, 0, 1, 0, 1, 1, 0, 1),4
(1, 0, 1, 0, 1, 0, 0, 1, 0),4
(0, 1, 1, 0, 1, 1, 1, 1, 0),4
(0, 1, 1, 0, 0, 0, 1, 1),4
(1, 1, 1, 1, 1, 1, 1, 1, 1),4
(0, 0, 1, 1, 1, 0, 0, 0),4
(0, 0, 1, 1, 0, 0, 0, 1, 0),4
(0, 1, 1, 1, 0, 1, 0, 1),4
(0, 0, 1, 1, 1, 0, 0, 1),4
(1, 1, 1, 1, 1, 0, 1, 0),4
(1, 1, 0, 1, 0, 0, 0, 1, 1),4
(1, 1, 1, 0, 0, 0, 1, 0, 0),4
(1, 1, 0, 0, 0, 1, 0, 1, 0),4
(1, 1, 1, 1, 1, 1, 0, 0),4
(1, 1, 1, 0, 0, 0, 1, 1),4
(1, 1, 0, 1, 0, 0, 1, 0),4
(0, 1, 0, 1, 0, 0, 1, 1, 0),4
(0, 1, 1, 1, 0, 0, 1, 1),4
(1, 0, 0, 1, 1, 1, 1, 1),4
(1, 1, 1, 1, 1, 0, 1, 0, 0),4
(0, 0, 1, 1, 0, 1, 0, 0),4
(0, 1, 1, 1, 1, 0, 1, 1, 0),4
(1, 1, 1, 1, 1, 0, 0, 1),4
(1, 0, 1, 1, 1, 0, 1, 1, 0),4
(1, 1, 1, 0, 1, 1, 1, 1, 0),4
(1, 0, 1, 1, 0, 0, 1, 1),4
(1, 0, 1, 0, 0, 0, 1, 1),4
(0, 0, 1, 0, 0, 1, 0, 1, 1),4
(1, 1, 1, 0, 1, 0, 1, 1),4
(1, 1, 1, 1, 0, 0, 1, 0, 1),4
(1, 0, 1, 1, 1, 0, 1, 1, 1),4
(0, 0, 1, 0, 1, 1, 1, 0, 0),3
(1, 0, 1, 0, 1, 0, 0, 1, 1),3
(1, 1, 1, 1, 1, 0, 0, 0, 1),3
(1, 1, 0, 1, 1, 1, 0, 0, 1),3
(1, 0, 1, 1, 1, 1, 1, 1, 1, 0),3
(1, 0, 0, 0, 1, 1, 0, 0, 0),3
(1, 1, 1, 0, 1, 1, 0, 0, 0),3
(1, 1, 0, 0, 1, 0, 0, 1),3
(1, 0, 1, 0, 0, 1, 1, 1),3
(0, 0, 1, 1, 1, 1, 1, 1, 0, 1),3
(1, 0, 1, 0, 0, 1, 0, 0),3
(1, 1, 1, 0, 1, 0, 1, 1, 1),3
(0, 0, 1, 0, 1, 0, 0, 1, 1),3
(1, 1, 1, 1, 0, 0, 1, 0, 1, 0),3
(0, 1, 0, 1, 1, 1, 0, 1),3
(1, 0, 1, 1, 0, 1, 1, 0, 1),3
(1, 1, 1, 1, 1, 1, 1, 0, 1, 0),3
(1, 0, 0, 1, 0, 1, 1, 1),3
(0, 1, 1, 1, 0, 1, 1, 0, 1),3
(0, 1, 0, 0, 1, 0, 0, 1, 0),3
(0, 0, 1, 1, 0, 1, 0, 1, 0),3
(1, 0, 1, 1, 1, 0, 1, 1),3
(1, 0, 0, 0, 1, 0, 0, 1, 1, 1),3
(0, 1, 1, 0, 1, 0, 0, 1),3
(0, 1, 1, 1, 1, 1, 1, 1, 0),3
(0, 1, 0, 1, 1, 0, 1, 0, 0),3
(0, 1, 1, 1, 1, 0, 0, 0, 1),3
(1, 1, 0, 1, 1, 0, 0, 1),3
(1, 0, 1, 0, 0, 0, 1, 1, 1, 1),3
(1, 1, 1, 1, 0, 0, 1, 1, 0),3
(1, 1, 1, 1, 0, 0, 1, 1, 1, 0),3
(1, 0, 0, 0, 1, 1, 0, 1, 1, 0),3
(1, 1, 0, 0, 1, 0, 1, 0),3
(1, 0, 1, 1, 1, 0, 1, 0, 1),3
(0, 0, 1, 0, 0, 1, 1, 0, 0),3
(1, 1, 0, 0, 0, 1, 0, 0),3
(0, 1, 1, 1, 1, 0, 0, 1),3
(0, 1, 1, 1, 1, 1, 1, 1, 0, 0),3
(0, 0, 1, 1, 0, 1, 1, 0, 0),3
(1, 0, 0, 0, 1, 1, 1, 1, 1, 1),3
(1, 1, 0, 0, 1, 1, 1, 1),3
(1, 0, 0, 1, 1, 1, 0, 0, 1),3
(1, 0, 1, 1, 1, 1, 0, 1),3
(1, 1, 1, 1, 0, 0, 0, 1, 1),3
(0, 1, 1, 1, 0, 0, 0, 1, 0, 1),3
(0, 0, 1, 1, 1, 0, 1, 1, 1),3
(1, 0, 1, 0, 1, 1, 1, 1, 0),3
(1, 0, 0, 1, 0, 0, 1, 1),3
(1, 0, 0, 0, 1, 1, 0, 0),3
(1, 1, 1, 0, 0, 1, 1, 1, 0),3
(0, 1, 1, 0, 1, 0, 1, 1, 1),3
(1, 1, 0, 1, 0, 1, 1, 0),3
(0, 1, 0, 0, 1, 1, 1, 0, 0),3
(0, 1, 0, 1, 0, 1, 1, 1, 1),3
(1, 1, 1, 1, 0, 1, 0, 1, 1),3
(0, 0, 1, 0, 1, 1, 1, 1, 1, 0, 0, 0),3
(1, 1, 1, 1, 1, 1, 0, 0, 0),3
(1, 0, 0, 1, 1, 1, 1, 0, 1),3
(0, 1, 1, 0, 0, 0, 1, 0, 0),3
(1, 1, 0, 1, 0, 0, 0, 1, 0),3
(0, 1, 1, 0, 1, 1, 0, 0),3
(1, 0, 0, 0, 1, 0, 0, 1, 0, 1, 0),3
(0, 1, 0, 1, 1, 0, 1, 0, 1, 1),3
(1, 0, 1, 0, 0, 0, 1, 0),3
(1, 1, 1, 1, 0, 1, 1, 1, 1),3
(0, 1, 0, 0, 1, 1, 0, 0, 0),3
(0, 0, 1, 1, 1, 1, 1, 0, 0),3
(0, 0, 1, 0, 1, 1, 0, 1, 0),3
(1, 0, 0, 0, 1, 0, 1, 1),3
(1, 1, 1, 0, 0, 1, 1, 0, 1),3
(0, 1, 1, 1, 1, 1, 0, 0, 1, 0),3
(0, 1, 1, 1, 0, 0, 1, 0, 0, 1),3
(1, 0, 0, 1, 1, 1, 0, 1, 0, 1),2
(0, 1, 1, 1, 1, 0, 0, 0, 1, 0),2
(1, 1, 0, 1, 1, 1, 1, 0, 1, 1),2
(1, 1, 0, 0, 1, 0, 0, 1, 1, 1),2
(1, 0, 1, 1, 1, 1, 0, 0, 1),2
(1, 1, 1, 0, 1, 0, 0, 0),2
(1, 0, 1, 0, 1, 1, 1, 0, 1, 1, 0),2
(1, 1, 1, 0, 1, 0, 0, 1),2
(1, 0, 1, 0, 1, 1, 1, 0, 1),2
(0, 1, 1, 1, 0, 0, 1, 1, 1, 0),2
(0, 0, 1, 0, 0, 1, 1, 1, 1),2
(0, 1, 0, 0, 1, 1, 1, 1, 1),2
(1, 0, 0, 0, 1, 0, 0, 1, 1),2
(1, 0, 1, 1, 0, 0, 1, 0),2
(0, 1, 1, 0, 0, 0, 1, 1, 0),2
(0, 0, 1, 1, 0, 1, 0, 1, 1),2
(1, 0, 0, 0, 1, 1, 1, 0, 0),2
(1, 0, 0, 1, 1, 0, 0, 1, 1),2
(1, 0, 1, 1, 1, 1, 0, 0, 1, 1, 0, 1),2
(1, 1, 1, 0, 0, 0, 1, 1, 1, 0),2
(1, 0, 1, 1, 0, 0, 1, 1, 0, 0),2
(0, 1, 0, 0, 1, 1, 0, 1, 0, 1),2
(0, 0, 1, 1, 1, 1, 1, 1, 1, 1),2
(1, 1, 1, 1, 1, 1, 0, 0, 1),2
(1, 1, 0, 0, 1, 1, 1, 0, 0),2
(0, 1, 1, 0, 1, 0, 0, 1, 1, 1, 0),2
(1, 0, 0, 0, 1, 1, 0, 0, 1, 1),2
(1, 1, 1, 1, 1, 0, 1, 0, 1, 0),2
(0, 0, 1, 1, 0, 0, 1, 1, 1),2
(0, 1, 1, 1, 1, 0, 1, 1, 1, 1),2
(0, 1, 1, 1, 0, 0, 0, 1, 0, 0),2
(0, 0, 1, 1, 0, 0, 1, 1, 0, 1),2
(1, 1, 0, 1, 0, 0, 1, 1, 1, 0),2
(1, 1, 1, 1, 0, 0, 1, 0, 0),2
(0, 1, 1, 1, 1, 0, 0, 0),2
(1, 0, 1, 0, 1, 1, 1, 0, 0, 1),2
(1, 1, 1, 1, 0, 1, 1, 1, 0),2
(1, 0, 1, 1, 1, 1, 1, 1, 1),2
(1, 0, 1, 0, 1, 0, 1, 1, 0),2
(0, 1, 1, 1, 1, 1, 0, 1, 1, 1),2
(0, 0, 1, 1, 1, 1, 0, 0, 0, 1),2
(0, 1, 0, 1, 1, 1, 1, 1, 1),2
(0, 1, 1, 1, 0, 0, 0, 1, 1),2
(0, 1, 0, 0, 1, 0, 1, 1, 0, 1),2
(1, 0, 1, 0, 1, 0, 1, 0, 1),2
(1, 1, 1, 1, 0, 0, 1, 0, 0, 1, 0),2
(0, 0, 1, 1, 1, 1, 0, 1, 1),2
(0, 1, 0, 1, 1, 0, 0, 1),2
(0, 0, 1, 0, 1, 0, 1, 1),2
(0, 1, 1, 1, 0, 1, 0, 1, 1),2
(0, 0, 1, 0, 0, 1, 0, 0, 1, 0),2
(1, 1, 0, 0, 1, 1, 1, 1, 1),2
(0, 1, 1, 0, 1, 1, 1, 0, 0),2
(1, 1, 0, 0, 1, 1, 1, 0),2
(1, 0, 0, 0, 1, 0, 0, 1, 1, 0),2
(0, 0, 1, 1, 0, 0, 1, 0, 1, 1),2
(1, 1, 1, 1, 1, 1, 0, 1, 1, 1),2
(1, 0, 1, 1, 1, 1, 0, 0, 0, 1, 0),2
(1, 0, 0, 1, 0, 1, 1, 1, 1),2
(0, 1, 1, 0, 1, 1, 0, 1, 1, 0),2
(1, 0, 1, 1, 0, 0, 0, 1, 0),2
(0, 1, 1, 1, 1, 1, 0, 1, 1, 0),2
(0, 1, 0, 1, 0, 1, 0, 0),2
(1, 1, 0, 1, 1, 1, 1, 1, 1),2
(1, 1, 1, 0, 0, 1, 1, 0),2
(0, 1, 0, 1, 1, 1, 1, 0, 0),2
(1, 1, 0, 1, 0, 1, 1, 1, 0, 0),2
(0, 1, 1, 1, 1, 1, 1, 0, 1),2
(0, 1, 0, 1, 1, 1, 0, 0, 0),2
(1, 1, 0, 1, 1, 0, 1, 1, 1, 0),2
(0, 1, 1, 0, 1, 1, 0, 1, 0, 1, 0),2
(0, 1, 1, 0, 0, 0, 1, 1, 1, 0),2
(1, 0, 0, 0, 1, 1, 1, 0, 1, 0, 0),2
(0, 0, 1, 1, 1, 1, 0, 0, 0, 1, 1),2
(1, 0, 1, 1, 0, 1, 0, 1, 1, 1),2
(1, 1, 0, 0, 1, 0, 1, 1, 1, 0),2
(0, 1, 1, 0, 0, 1, 1, 0, 1),2
(1, 1, 0, 0, 1, 1, 0, 0),2
(0, 1, 0, 1, 0, 1, 0, 1, 1, 1, 1, 0),2
(0, 1, 1, 0, 1, 1, 1, 0, 1, 1),2
(1, 0, 1, 1, 1, 1, 1, 1, 0),2
(1, 1, 1, 0, 1, 1, 1, 1, 1, 0),2
(1, 0, 0, 1, 1, 0, 1, 1),2
(0, 1, 1, 1, 1, 0, 1, 1, 1, 0),2
(1, 1, 1, 1, 1, 0, 0, 0, 1, 0),2
(1, 1, 0, 0, 1, 1, 0, 0, 0),2
(0, 1, 0, 1, 0, 1, 0, 1, 0, 0),2
(0, 1, 1, 1, 1, 1, 1, 1, 1),2
(0, 1, 0, 0, 1, 1, 0, 0, 1),2
(1, 1, 1, 1, 1, 0, 1, 0, 0, 0),2
(1, 1, 0, 1, 0, 0, 1, 0, 1),2
(1, 0, 1, 1, 1, 1, 1, 1, 0, 0),2
(1, 0, 0, 1, 1, 1, 1, 1, 0),2
(1, 1, 1, 0, 1, 1, 1, 0, 0, 0),2
(1, 0, 1, 1, 0, 0, 1, 1, 0),2
(0, 1, 0, 1, 0, 1, 1, 0, 0, 0),2
(1, 0, 1, 0, 0, 1, 1, 1, 0, 0),2
(0, 1, 1, 0, 1, 0, 0, 1, 1, 1),2
(0, 1, 1, 1, 0, 1, 0, 1, 1, 0),2
(1, 1, 0, 1, 0, 0, 1, 1, 1),2
(1, 1, 1, 1, 0, 1, 1, 0, 0, 0),2
(1, 0, 1, 1, 0, 1, 1, 1, 0, 0),2
(1, 0, 1, 1, 1, 1, 1, 0, 0, 0),2
(0, 0, 1, 1, 1, 0, 0, 1, 0),2
(1, 0, 1, 0, 0, 1, 1, 1, 1, 0),2
(0, 1, 0, 1, 1, 1, 1, 1, 1, 0),2
(1, 0, 1, 1, 1, 1, 0, 1, 1, 0),2
(0, 0, 1, 1, 1, 1, 0, 0, 0),2
(1, 0, 0, 1, 0, 0, 1, 1, 1),2
(1, 0, 0, 1, 1, 0, 1, 1, 1),2
(0, 0, 1, 0, 1, 1, 1, 1, 0, 1, 1, 1),2
(1, 1, 1, 0, 1, 0, 1, 0, 1),2
(1, 1, 1, 0, 0, 0, 1, 1, 1),2
(0, 1, 0, 0, 1, 0, 0, 1, 1),2
(1, 0, 0, 0, 1, 1, 1, 1, 0),2
(1, 1, 1, 1, 1, 1, 1, 1, 1, 1),2
(0, 1, 1, 1, 1, 0, 0, 1, 0, 0),2
(1, 0, 1, 0, 0, 1, 1, 1, 0, 1),2
(1, 0, 0, 0, 1, 0, 1, 0, 0),2
(0, 0, 1, 0, 1, 1, 1, 1, 0),2
(1, 1, 1, 1, 1, 1, 0, 1, 0, 0),2
(0, 1, 1, 0, 1, 0, 1, 1),2
(1, 1, 1, 1, 1, 1, 0, 1, 1),2
(0, 1, 0, 0, 1, 0, 0, 1, 1, 0),2
(1, 1, 1, 1, 1, 0, 1, 1, 0),2
(0, 0, 1, 0, 0, 1, 0, 1, 1, 1, 0),2
(0, 1, 1, 0, 0, 0, 1, 1, 1),2
(1, 1, 1, 0, 0, 0, 1, 0, 1, 1),2
(1, 1, 1, 0, 0, 1, 1, 0, 1, 0),2
(1, 1, 1, 1, 0, 1, 1, 0),2
(1, 1, 0, 1, 0, 1, 1, 1, 1),2
(0, 0, 1, 0, 1, 1, 0, 0, 1),2
(0, 1, 0, 1, 0, 0, 1, 1, 0, 0),2
(0, 1, 0, 1, 1, 1, 1, 1, 0),2
(1, 1, 0, 1, 1, 1, 1, 1, 1, 0),2
(1, 1, 0, 1, 1, 0, 1, 0, 0),2
(0, 1, 1, 1, 1, 1, 1, 0, 0, 1),2
(0, 1, 0, 0, 1, 0, 1, 1, 1),2
(0, 1, 1, 1, 0, 1, 0, 1, 0),2
(1, 1, 0, 0, 1, 1, 0, 1),2
(0, 0, 1, 1, 1, 0, 1, 1, 0),2
(1, 1, 1, 0, 0, 0, 1, 1, 0),2
(1, 0, 1, 1, 0, 1, 1, 0, 0),2
(1, 0, 1, 1, 1, 0, 1, 1, 0, 0),2
(1, 0, 1, 0, 1, 1, 0, 1, 0),2
(1, 0, 1, 1, 1, 0, 0, 1),2
(0, 1, 0, 0, 1, 1, 1, 1, 0),2
(1, 1, 1, 1, 0, 1, 0, 1, 0),2
(1, 0, 1, 1, 1, 1, 0, 1, 0),2
(0, 1, 1, 1, 0, 0, 1, 1, 1),2
(0, 1, 1, 1, 1, 0, 1, 0, 0),2
(0, 1, 1, 1, 1, 1, 1, 0, 0),2
(0, 1, 1, 0, 1, 1, 1, 1, 1),2
(1, 0, 1, 1, 1, 1, 1, 1, 0, 1),2
(0, 0, 1, 1, 0, 0, 1, 1, 1, 1),2
(0, 0, 1, 1, 1, 1, 1, 1, 1, 0, 1),2
(1, 0, 1, 1, 1, 0, 1, 0, 0),2
(0, 0, 1, 0, 0, 1, 0, 1, 0, 0),2
(0, 0, 1, 1, 1, 0, 0, 1, 1, 0),2
(0, 1, 1, 1, 0, 0, 1, 0),2
(1, 1, 0, 0, 1, 1, 0, 1, 0),2
(1, 1, 0, 1, 1, 0, 0, 1, 1),2
(1, 0, 1, 0, 1, 0, 1, 1, 1),2
(0, 0, 1, 0, 1, 0, 0, 1, 0, 1, 1),2
(0, 0, 1, 1, 0, 0, 0, 1, 0, 0, 1),2
(1, 1, 1, 1, 1, 0, 1, 1, 0, 0),2
(0, 0, 1, 0, 0, 1, 1, 0, 1),2
(1, 1, 1, 0, 0, 1, 1, 0, 0),2
(1, 1, 1, 0, 1, 0, 0, 1, 1, 0, 0, 1, 1, 0, 1, 0, 1, 1, 1),1
(1, 1, 1, 1, 0, 0, 0, 1, 1, 1, 1, 1),1
(0, 0, 1, 1, 1, 1, 0, 1, 1, 0, 1, 0, 1, 0),1
(1, 1, 1, 0, 1, 0, 0, 0, 1, 0, 0, 1, 1, 1, 1, 1, 0, 1, 0, 0, 0, 1, 1, 1, 1, 1, 1, 1, 1, 0, 1),1
(1, 1, 0, 0, 0, 1, 1, 1, 0, 1, 1),1
(1, 0, 1, 1, 1, 0, 0, 1, 1, 0, 0, 0, 1),1
(0, 0, 1, 1, 0, 0, 0, 1, 0, 0, 1, 0),1
(0, 1, 0, 1, 1, 1, 1, 0, 1, 0, 1, 1, 0, 1, 0, 0, 0, 1, 1, 0),1
(0, 1, 1, 1, 1, 1, 1, 0, 0, 1, 1, 0, 1, 1, 0, 1, 0, 0, 1),1
(1, 0, 0, 1, 1, 0, 0, 0),1
(1, 0, 1, 0, 1, 1, 1, 1, 1, 0, 0),1
(0, 0, 1, 1, 0, 1, 1, 0, 1, 0, 1),1
(0, 1, 1, 0, 0, 1, 0, 1, 1, 1, 0, 1, 0, 1),1
(0, 0, 1, 0, 0, 1, 1, 1, 1, 0, 1, 0, 0, 0, 1),1
(1, 1, 1, 0, 0, 1, 0, 1, 1, 1, 1),1
(1, 0, 1, 1, 1, 0, 1, 1, 1, 0),1
(1, 0, 1, 0, 1, 1, 1, 1, 1, 0),1
(1, 1, 0, 1, 1, 1, 1, 1, 1, 1, 1, 1, 0, 0, 1, 1, 0, 0, 1, 1),1
(1, 1, 1, 1, 1, 1, 0, 0, 0, 1, 1, 1, 0, 0, 0, 1, 0, 0),1
(0, 0, 1, 1, 1, 1, 0, 0, 0, 1, 1, 0, 1, 1, 0),1
(0, 1, 1, 0, 1, 1, 0, 1, 0, 0, 1, 0, 1, 1, 1, 1, 0, 1),1
(1, 1, 0, 1, 1, 1, 1, 1, 0, 0, 1, 1, 0, 0, 0, 1, 1, 1),1
(1, 1, 1, 0, 1, 0, 0, 0, 1, 0, 1),1
(1, 1, 1, 1, 1, 0, 1, 1, 1, 0),1
(0, 0, 1, 0, 1, 1, 1, 1, 0, 0),1
(1, 0, 1, 1, 0, 0, 0, 1, 0, 1),1
(0, 0, 1, 1, 1, 1, 0, 0, 1, 1, 1),1
(0, 1, 1, 0, 0, 0, 1, 0, 1, 1, 0),1
(1, 1, 0, 1, 0, 1, 1, 1, 1, 1, 0, 1, 0, 0, 0),1
(1, 0, 0, 1, 0, 1, 1, 0, 1),1
(1, 1, 1, 1, 1, 1, 1, 0, 0, 0),1
(1, 1, 1, 0, 0, 0, 1, 0, 1, 1, 1),1
(0, 1, 1, 1, 0, 1, 1, 1, 0, 1, 0, 1, 1, 0, 1, 1, 1, 1),1
(1, 1, 1, 0, 0, 0, 1, 0, 0, 1, 0, 0, 1, 0, 1),1
(1, 1, 1, 1, 1, 0, 1, 0, 1, 0, 1),1
(1, 0, 1, 1, 0, 0, 1, 0, 1, 1, 0, 1, 1, 1, 1),1
(1, 1, 0, 1, 1, 0, 0, 0, 1, 1, 1, 1, 0, 0, 1, 0, 0, 1, 1, 0, 1, 0, 1, 1, 1),1
(1, 1, 1, 1, 0, 0, 1, 1, 1),1
(0, 0, 1, 1, 0, 1, 0, 1, 0, 1, 1, 0, 1, 1),1
(1, 1, 1, 1, 0, 1, 0, 0, 1, 1, 1, 1),1
(0, 0, 1, 1, 0, 1, 0, 1, 1, 0),1
(1, 0, 1, 1, 1, 0, 0, 1, 0, 1, 0, 0, 1, 0, 1, 0, 0, 1, 1, 0, 1, 0, 1, 1, 0, 0, 0, 1),1
(1, 0, 1, 1, 1, 1, 1, 0, 0, 1),1
(1, 1, 1, 0, 0, 0, 1, 0, 1, 0),1
(1, 1, 0, 1, 0, 0, 0, 1, 1, 0, 1, 1, 1, 0, 1, 1, 1, 1, 0, 0),1
(1, 0, 1, 0, 0, 1, 0, 1, 1),1
(1, 0, 1, 1, 1, 1, 1, 1, 0, 0, 1, 0),1
(0, 0, 1, 1, 1, 1, 1, 1, 0, 1, 0, 0, 1, 1),1
(0, 1, 1, 1, 1, 0, 0, 0, 1, 1, 1, 1, 0, 1, 0, 0, 1, 1, 1, 0),1
(1, 0, 1, 1, 0, 1, 1, 0, 1, 1, 1, 0, 1, 1, 1, 1, 0, 1, 0, 1, 1),1
(0, 1, 0, 1, 0, 1, 1, 0, 0),1
(1, 1, 0, 1, 1, 1, 1, 0, 0, 1, 1, 0, 1, 0),1
(1, 1, 1, 0, 1, 1, 1, 0, 1, 0, 1, 1, 0),1
(1, 0, 1, 1, 0, 0, 1, 0, 0),1
(1, 1, 0, 1, 1, 1, 0, 0, 1, 0, 1, 1, 1),1
(0, 0, 1, 1, 1, 0, 1, 0, 1, 1),1
(0, 0, 1, 0, 1, 1, 0, 1, 1, 0, 1, 0, 0, 0, 1, 0, 0, 1, 1, 0, 1, 1, 0),1
(1, 1, 1, 1, 1, 1, 1, 1, 1, 1, 0),1
(1, 1, 1, 1, 0, 0, 1, 1, 1, 1, 0),1
(0, 0, 1, 1, 0, 0, 0, 1, 0, 1, 0),1
(1, 1, 1, 0, 1, 1, 0, 0, 0, 1),1
(0, 0, 1, 0, 0, 1, 0, 1, 1, 0, 0),1
(1, 1, 0, 0, 1, 1, 1, 1, 0, 1),1
(0, 1, 0, 1, 1, 1, 1, 1, 1, 1, 0, 1, 0, 1),1
(0, 0, 1, 1, 0, 1, 1, 0, 1, 0, 1, 0, 0, 1, 0, 1, 0, 0, 1, 0, 0, 1, 1, 0),1
(1, 1, 1, 0, 1, 1, 1, 0, 1, 1, 1),1
(0, 0, 1, 1, 1, 1, 0, 1, 0),1
(0, 0, 1, 0, 1, 0, 0, 1, 0, 0, 1, 0, 0),1
(0, 1, 0, 0, 1, 0, 1, 1, 1, 0, 0, 0, 1, 1, 0),1
(1, 1, 0, 0, 1, 0, 0, 1, 1),1
(0, 1, 1, 1, 1, 0, 0, 0, 1, 1, 0, 1, 0, 0),1
(0, 1, 1, 0, 0, 1, 0, 0, 1, 0, 1, 1, 0, 1, 0, 0, 1, 0),1
(0, 1, 1, 0, 0, 1, 1, 0, 0, 1),1
(0, 1, 1, 0, 1, 1, 1, 0, 1, 0),1
(0, 1, 0, 1, 1, 0, 0, 1, 1, 1, 1, 0, 0),1
(1, 0, 0, 1, 0, 1, 1, 1, 0, 0, 1, 1, 1, 0, 0),1
(0, 0, 1, 1, 1, 1, 0, 1, 0, 0, 0, 1, 1, 0),1
(0, 0, 1, 1, 0, 1, 1, 1, 1, 0, 1, 0, 0, 0, 1, 1, 1, 1, 0, 1, 0, 0, 0),1
(1, 1, 1, 0, 1, 0, 0, 1, 0),1
(0, 1, 0, 0, 1, 0, 1, 1, 1, 1, 1, 0, 0, 1, 0),1
(1, 0, 1, 1, 0, 0, 0, 1, 1, 1, 1, 0, 1, 1, 1, 1, 1, 0, 0, 0, 1, 0, 1, 1, 1, 1, 1, 0, 0, 0),1
(1, 0, 1, 1, 1, 1, 0, 1, 0, 1),1
(0, 1, 0, 1, 1, 1, 0, 1, 0, 1, 1, 1, 1, 1, 0),1
(0, 1, 0, 0, 1, 1, 0, 1, 0, 1, 1, 0, 0),1
(1, 0, 0, 0, 1, 1, 1, 0, 0, 0),1
(0, 0, 1, 1, 0, 0, 0, 1, 0, 1, 0, 1, 1, 0, 1, 1, 0, 0, 1, 1, 0, 0),1
(0, 0, 1, 0, 1, 1, 0, 1, 0, 0),1
(0, 1, 1, 0, 0, 0, 1, 1, 1, 1, 0, 1),1
(1, 0, 0, 1, 1, 1, 1, 1, 1, 0),1
(0, 0, 1, 1, 0, 0, 1, 1, 1, 1, 0, 1, 0),1
(1, 1, 1, 1, 1, 0, 0, 1, 1, 1, 1, 0, 1, 1),1
(0, 1, 1, 1, 1, 1, 1, 0, 1, 1, 1),1
(0, 1, 1, 0, 1, 0, 1, 0, 0, 1, 1, 1, 0, 1, 1, 1, 0, 1, 1, 0, 1, 0, 1, 0, 0, 0),1
(0, 1, 1, 0, 1, 1, 1, 1, 1, 1, 0, 1, 1, 1, 1, 1, 1),1
(0, 1, 0, 1, 0, 0, 1, 1, 1, 1, 1, 0),1
(1, 1, 1, 1, 1, 1, 1, 1, 0, 1, 0, 1, 1, 1, 0),1
(1, 1, 1, 1, 0, 1, 1, 1, 0, 0, 0, 1, 0, 0, 1, 0, 1),1
(1, 0, 0, 0, 1, 1, 1, 0, 1, 1, 1),1
(1, 0, 0, 0, 1, 1, 1, 0, 1, 1, 1, 1, 1, 0, 0, 1, 0, 0),1
(1, 0, 1, 1, 0, 1, 1, 0, 0, 1, 0, 1, 1, 1, 1, 1, 0, 0, 1, 1, 0, 0, 0),1
(0, 0, 1, 0, 1, 1, 1, 0, 0, 0),1
(0, 1, 0, 1, 1, 0, 1, 1),1
(0, 1, 0, 1, 1, 0, 1, 1, 0),1
(0, 0, 1, 1, 1, 0, 0, 1, 0, 1),1
(1, 0, 0, 1, 0, 0, 1, 0, 1),1
(0, 1, 0, 0, 1, 1, 1, 0, 0, 0, 1, 0, 1, 1, 1, 0),1
(1, 0, 0, 0, 1, 1, 0, 0, 0, 1, 0, 0, 1, 0),1
(0, 1, 1, 0, 0, 1, 0, 1, 1),1
(0, 0, 1, 0, 0, 1, 0, 1, 0, 0, 1, 0, 0, 1),1
(1, 0, 0, 1, 0, 1, 1, 1, 0, 0, 1, 0, 1, 1),1
(0, 0, 1, 1, 0, 0, 1, 0, 1, 1, 0, 0),1
(1, 0, 0, 0, 1, 0, 0, 1, 0, 1, 1),1
(0, 1, 1, 0, 0, 1, 1, 1, 0, 1),1
(0, 1, 1, 0, 1, 0, 1, 1, 0),1
(1, 1, 1, 1, 1, 0, 1, 1, 0, 0, 0),1
(1, 0, 1, 0, 0, 0, 1, 0, 0, 1, 0, 0, 1, 0),1
(0, 1, 1, 0, 1, 1, 0, 1, 0, 0, 0, 1, 0, 0, 1, 1, 0, 1, 1),1
(1, 0, 0, 1, 1, 1, 0, 1, 0, 1, 0, 0, 1),1
(1, 1, 1, 0, 1, 1, 0, 1, 0, 1, 0),1
(0, 0, 1, 1, 1, 1, 1, 0, 0, 1),1
(1, 0, 0, 0, 1, 0, 1, 0, 0, 1, 0),1
(0, 0, 1, 1, 0, 1, 1, 0, 0, 0, 1, 1, 0, 0),1
(0, 0, 1, 1, 1, 0, 1, 0, 1, 1, 1, 0, 0, 0, 1, 1, 0, 0, 0, 1, 0, 1, 1, 0, 1, 1, 0, 0, 1),1
(0, 0, 1, 0, 1, 1, 1, 0, 0, 1),1
(1, 1, 1, 0, 0, 0, 1, 1, 0, 0, 0, 1, 1, 1),1
(0, 0, 1, 0, 1, 0, 0, 1, 1, 0),1
(0, 1, 1, 0, 0, 1, 1, 0, 0, 1, 0, 0, 1, 0, 1, 0, 1, 0, 1, 1, 0, 0, 0, 1),1
(1, 1, 0, 1, 0, 1, 1, 1, 1, 1, 0, 1),1
(1, 1, 1, 1, 0, 1, 0, 1, 1, 1, 1, 1, 0),1
(0, 1, 0, 1, 0, 1, 0, 0, 1),1
(0, 0, 1, 0, 0, 1, 1, 0, 1, 0, 1, 0, 0, 1, 1, 0, 0, 0, 1, 0, 0, 1, 1, 0, 0, 1, 1, 0, 1, 1, 1, 0, 0, 1, 1, 0),1
(1, 1, 1, 0, 1, 0, 1, 1, 1, 0),1
(0, 1, 1, 1, 1, 1, 1, 0, 0, 1, 1, 1, 1, 1, 1),1
(0, 1, 1, 0, 1, 1, 0, 0, 0, 1, 0, 0),1
(0, 0, 1, 0, 0, 1, 1, 0, 1, 1, 1, 0, 1, 1, 1, 0),1
(0, 0, 1, 0, 0, 1, 0, 1, 0, 0, 1, 0, 1, 1, 0, 0, 1, 1, 0, 0, 1, 0),1
(1, 1, 0, 0, 1, 1, 0, 1, 0, 0, 1, 0, 0, 1, 1, 1, 0, 1, 0, 0),1
(0, 1, 1, 1, 0, 1, 1, 1, 1, 1, 1, 1, 0),1
(1, 1, 0, 0, 0, 1, 1, 1, 1, 1, 1, 1, 0, 0, 1),1
(1, 1, 1, 1, 1, 0, 1, 1, 1),1
(0, 0, 1, 1, 1, 1, 0, 0, 1, 1, 0, 1, 0, 1, 0, 0, 1, 0, 0, 1, 1, 0),1
(0, 1, 0, 1, 1, 0, 0, 1, 1, 0, 1, 0, 1, 0),1
(1, 0, 1, 1, 1, 0, 1, 0, 0, 1, 1, 1),1
(1, 1, 1, 0, 0, 1, 0, 0, 1, 0),1
(0, 1, 1, 1, 1, 1, 0, 0, 0, 1),1
(1, 0, 1, 0, 1, 1, 0, 1, 1, 0),1
(0, 0, 1, 1, 1, 1, 1, 1, 1, 0),1
(1, 0, 1, 0, 1, 1, 0, 1, 1, 1, 0, 1, 1, 1, 1, 0, 0, 1, 1, 0, 1, 0, 0),1
(1, 1, 0, 1, 1, 0, 1, 0, 0, 1, 0, 1, 1, 0),1
(0, 1, 0, 1, 1, 0, 0, 1, 0),1
(0, 1, 0, 0, 1, 1, 1, 1, 0, 1),1
(1, 0, 0, 1, 0, 1, 0, 0, 1),1
(1, 1, 1, 1, 1, 1, 1, 1, 1, 0),1
(1, 0, 0, 0, 1, 1, 1, 1, 0, 1, 1, 1, 1, 1, 1, 1),1
(0, 1, 0, 1, 1, 0, 0, 1, 1, 1, 0, 1, 0, 1, 0),1
(1, 0, 0, 1, 0, 1, 0, 1, 0, 1, 1, 0),1
(0, 0, 1, 0, 1, 1, 1, 1, 1, 0, 1),1
(0, 0, 1, 1, 1, 1, 1, 0, 0, 0),1
(1, 0, 1, 1, 0, 0, 1, 1, 0, 0, 0, 1),1
(0, 0, 1, 0, 1, 1, 1, 0, 0, 1, 0),1
(1, 1, 1, 0, 0, 1, 1, 0, 1, 0, 1, 1, 1),1
(1, 1, 0, 0, 1, 1, 0, 0, 1, 1, 1, 1, 1, 1, 0, 0, 0, 1, 0, 1, 0, 0, 1, 0),1
(0, 1, 1, 0, 0, 0, 1, 1, 1, 0, 1, 0, 0, 0, 1, 0),1
(0, 0, 1, 0, 1, 1, 0, 1, 1, 1),1
(1, 1, 1, 0, 1, 0, 0, 1, 1),1
(0, 0, 1, 0, 0, 1, 1, 1, 1, 0, 1, 1, 0),1
(0, 1, 0, 1, 1, 1, 0, 1, 0, 0, 0, 1, 1, 1, 0, 0, 0, 1, 1, 1, 1),1
(0, 1, 1, 1, 1, 0, 0, 0, 1, 1, 0, 1, 1, 1),1
(1, 0, 0, 0, 1, 0, 0, 1, 1, 0, 1, 0, 0, 1, 0, 1, 0, 1, 1, 1, 0, 0),1
(0, 0, 1, 0, 0, 1, 0, 1, 0, 0, 1, 0),1
(1, 0, 0, 1, 1, 1, 1, 0, 1, 1, 1, 0, 0, 1, 1, 1, 0),1
(1, 1, 1, 0, 1, 1, 0, 0, 0, 1, 1, 1, 0, 0, 0, 1, 0, 0),1
(0, 1, 1, 1, 1, 1, 0, 1, 0, 1, 1, 0),1
(1, 1, 1, 0, 0, 1, 0, 0, 1, 1, 0, 0, 0, 1, 0, 1, 0, 1, 0, 1, 1, 1, 0, 0),1
(0, 1, 0, 0, 1, 1, 1, 1, 1, 0, 1, 0, 1, 0, 1, 1),1
(0, 1, 1, 1, 1, 0, 0, 1, 1, 1, 1, 0),1
(0, 0, 1, 1, 1, 1, 1, 0, 0, 1, 1, 0, 1, 1, 0, 1, 0, 1, 0, 0, 1, 0, 1, 1, 1, 1, 1, 1, 1, 1, 1, 1, 0, 0, 0, 1),1
(0, 0, 1, 1, 1, 1, 0, 0, 0, 1, 1, 0),1
(1, 1, 1, 1, 0, 1, 0, 0, 1, 1, 0),1
(1, 1, 1, 1, 0, 0, 0, 1, 0, 1, 0, 0, 1, 0, 1),1
(0, 1, 1, 1, 0, 1, 0, 1, 1, 1, 0, 0),1
(1, 0, 0, 1, 1, 0, 1, 0, 1, 0),1
(0, 0, 1, 0, 1, 1, 0, 1, 0, 1, 0, 1, 0, 1, 0, 1, 0, 1, 0, 1, 1, 0, 0, 1, 0, 0),1
(1, 0, 0, 1, 1, 0, 1, 1, 1, 1),1
(1, 1, 0, 1, 0, 0, 0, 1, 1, 1, 1, 0, 1, 1, 1),1
(0, 0, 1, 1, 1, 1, 1, 0, 0, 0, 1, 1, 1, 1),1
(1, 0, 1, 1, 0, 1, 1, 0, 0, 0, 1, 1, 0, 1, 0, 1, 1, 1, 1, 1, 0, 1, 0, 0),1
(0, 1, 1, 0, 0, 0, 1, 0, 1, 0),1
(0, 1, 1, 1, 0, 1, 1, 1, 1),1
(0, 0, 1, 1, 0, 1, 1, 1, 1, 0),1
(1, 0, 1, 1, 1, 1, 1, 1, 1, 1, 1, 1, 0),1
(1, 0, 0, 1, 1, 0, 0, 1, 1, 1, 0, 1, 1, 1, 0, 0, 0, 1, 1, 1, 1, 1, 1, 1, 1, 1, 1),1
(1, 1, 0, 1, 0, 1, 1, 0, 1, 1),1
(1, 1, 0, 0, 0, 1, 1, 0, 1, 0),1
(1, 1, 0, 1, 1, 1, 0, 0, 1, 0),1
(1, 0, 0, 1, 0, 0, 1, 1, 1, 1, 0, 1, 1),1
(1, 0, 0, 1, 0, 0, 1, 0, 0),1
(0, 0, 1, 1, 0, 0, 0, 1, 0, 1, 1, 1, 1, 0, 1, 1, 1, 0),1
(0, 1, 1, 0, 0, 1, 0, 1, 0, 0, 1, 1, 1, 1, 1, 0, 1, 1, 1, 1, 1, 1, 0, 0),1
(1, 1, 0, 0, 0, 1, 0, 0, 1, 0),1
(1, 1, 1, 1, 0, 1, 1, 0, 1, 1, 0, 0, 1, 0, 1, 0),1
(1, 1, 1, 1, 0, 1, 0, 0, 0, 1, 0),1
(0, 1, 0, 1, 1, 1, 0, 0, 0, 1),1
(0, 1, 1, 0, 0, 1, 1, 0, 0, 1, 1, 1, 0, 0, 0, 1, 1, 0, 0, 1, 1, 1, 0, 0, 1, 0, 1, 1, 1, 1, 1, 1, 1, 1, 1),1
(0, 1, 0, 0, 1, 1, 0, 1, 0),1
(1, 0, 0, 0, 1, 0, 0, 1, 1, 0, 0, 1, 0, 0, 1, 1, 1, 1, 1, 1, 0, 1, 1, 1, 0, 1, 1, 1, 1, 0, 1, 1, 0, 0, 0, 1, 1, 0, 0, 0, 1, 0, 1, 1, 0, 0, 1, 1, 0, 1, 1),1
(1, 0, 1, 0, 1, 0, 1, 0, 1, 1, 1),1
(1, 0, 1, 1, 0, 0, 0, 1, 1, 1, 0, 1),1
(1, 0, 1, 1, 1, 0, 0, 1, 1, 0, 1, 0),1
(1, 1, 0, 0, 0, 1, 1, 0, 0, 1),1
(1, 0, 0, 1, 0, 1, 1, 1, 1, 1, 0),1
(1, 1, 1, 0, 0, 1, 0, 1, 1, 0, 1, 0, 0, 1, 1, 1, 1, 0, 0, 1, 1, 1, 0, 0, 0, 1, 0),1
(0, 1, 0, 1, 0, 1, 0, 0, 1, 1),1
(0, 0, 1, 0, 0, 1, 1, 0, 1, 1, 0, 0, 1, 1, 0, 1, 0, 1, 0, 0),1
(0, 1, 0, 0, 1, 1, 1, 1, 0, 1, 1),1
(0, 1, 0, 0, 1, 1, 0, 1, 0, 1, 0, 1, 0, 1, 1, 1),1
(1, 0, 1, 1, 0, 0, 0, 1, 1, 1, 1, 1),1
(1, 0, 0, 0, 1, 1, 1, 0, 0, 1, 1, 1, 0, 0, 0, 1, 0, 1, 1, 1, 1, 1, 0, 0),1
(1, 0, 1, 1, 0, 0, 0, 1, 0, 1, 0, 1, 0, 1, 0, 1, 1, 0),1
(0, 0, 1, 0, 0, 1, 0, 0, 1, 1, 0, 1, 1),1
(1, 1, 0, 1, 1, 1, 0, 1, 1),1
(1, 0, 1, 1, 0, 1, 0, 1, 1, 0, 1, 0, 1, 1, 0),1
(1, 0, 0, 1, 0, 0, 1, 1, 0, 0, 0, 1, 0, 1, 1, 1, 0),1
(0, 0, 1, 0, 0, 1, 1, 0, 0, 0, 1, 0, 1, 1, 0, 1, 0, 1, 1, 1, 1, 0, 1),1
(1, 0, 1, 1, 0, 0, 0, 1, 1, 0, 0, 1, 0, 0, 1),1
(1, 1, 1, 0, 0, 1, 0, 1, 1, 0, 1, 0),1
(1, 1, 1, 1, 1, 0, 1, 1, 0, 0, 0, 1, 0, 0, 1),1
(0, 0, 1, 1, 1, 1, 0, 1, 0, 0),1
(0, 0, 1, 1, 1, 1, 1, 1, 1, 1, 1, 0, 1, 0, 0, 1, 0, 1, 1, 1),1
(1, 1, 0, 0, 0, 1, 1, 0, 1, 0, 1, 1, 1, 1),1
(1, 0, 1, 0, 0, 0, 1, 1, 1),1
(0, 1, 1, 1, 0, 1, 1, 1, 0, 0),1
(0, 0, 1, 0, 0, 1, 1, 1, 0, 1, 0, 1),1
(1, 1, 0, 1, 1, 0, 1, 1, 1, 1),1
(1, 0, 0, 0, 1, 0, 0, 1, 0, 0, 1, 0),1
(1, 1, 0, 1, 0, 0, 1, 0, 0, 1),1
(0, 0, 1, 0, 1, 0, 0, 1, 1, 1, 1, 1, 1, 1, 0, 0, 0, 1, 1, 1, 0),1
(1, 0, 0, 1, 0, 1, 1, 0, 1, 1, 0, 0, 0, 1),1
(0, 0, 1, 1, 1, 1, 1, 1, 1, 0, 0),1
(0, 0, 1, 1, 0, 0, 0, 1, 0, 0),1
(0, 0, 1, 1, 0, 0, 0, 1, 0, 0, 1, 1, 0, 0, 1, 0),1
(1, 1, 1, 1, 0, 1, 1, 0, 1),1
(1, 1, 1, 1, 1, 1, 1, 0, 1, 1, 0),1
(0, 0, 1, 0, 0, 1, 1, 0, 1, 1),1
(1, 0, 1, 1, 0, 1, 1, 0, 1, 0, 1, 0, 0, 1, 0, 1),1
(1, 1, 1, 0, 0, 0, 1, 1, 1, 1, 1, 1),1
(1, 0, 0, 0, 1, 0, 1, 0, 1, 1, 1, 1),1
(0, 0, 1, 1, 0, 1, 1, 0, 0, 0, 1),1
(1, 0, 0, 0, 1, 1, 0, 0, 1, 1, 1, 0, 1, 1, 0),1
(1, 0, 1, 1, 0, 0, 0, 1, 0, 0, 1, 0, 1, 0, 1, 0),1
(1, 0, 0, 0, 1, 0, 1, 0, 0, 1, 0, 1, 0, 1, 1, 1, 0),1
(0, 0, 1, 1, 0, 1, 1, 1, 1, 1, 0, 0, 0),1
(0, 1, 0, 0, 1, 0, 0, 1, 0, 1, 1, 1, 1, 1, 1, 1, 0, 1, 1, 0, 1, 0, 1, 1),1
(0, 1, 1, 0, 1, 0, 1, 0, 1, 0, 0, 1),1
(1, 0, 1, 0, 0, 1, 0, 0, 1, 0),1
(1, 0, 0, 1, 1, 0, 1, 0, 1, 0, 1, 0, 1),1
(1, 1, 0, 1, 1, 0, 1, 0, 0, 1, 0),1
(1, 0, 1, 0, 0, 1, 1, 0, 0, 1, 1, 0, 1, 1, 1, 0, 1, 0, 1),1
(0, 0, 1, 1, 0, 0, 0, 1, 0, 1, 0, 1, 1, 1, 1, 0, 0, 1, 0, 1),1
(0, 1, 1, 0, 1, 1, 1, 1, 1, 1, 1, 0),1
(1, 1, 0, 1, 1, 0, 0, 1, 1, 1, 0),1
(0, 1, 0, 1, 1, 0, 1, 1, 0, 1),1
(0, 0, 1, 1, 1, 0, 1, 1, 1, 1),1
(0, 0, 1, 1, 1, 1, 0, 0, 0, 1, 0, 0, 1),1
(1, 0, 0, 1, 1, 1, 0, 1, 0, 0),1
(0, 0, 1, 0, 1, 1, 0, 0, 0),1
(1, 0, 0, 1, 0, 0, 1, 1, 1, 0, 1, 1),1
(1, 1, 1, 1, 1, 1, 1, 1, 1, 1, 1, 1),1
(1, 0, 1, 1, 0, 0, 0, 1, 1),1
(0, 1, 1, 0, 1, 1, 1, 0, 1, 1, 0, 1, 0, 1, 0, 0, 0, 1, 1, 0, 1, 1, 0, 1, 1, 1),1
(0, 1, 1, 1, 1, 0, 1, 0, 0, 0, 1, 0),1
(0, 1, 1, 0, 0, 1, 1, 1, 1),1
(1, 1, 1, 1, 0, 0, 0, 1, 0, 0, 1, 1, 0, 1, 0, 0),1
(1, 1, 0, 0, 1, 1, 1, 1, 1, 1, 0, 1, 0, 0, 1, 0, 1, 1, 1, 0, 0, 1, 0, 1, 1, 1, 1),1
(1, 1, 1, 0, 1, 0, 0, 1, 1, 0, 1, 0, 0),1
(0, 1, 0, 1, 1, 0, 0, 1, 0, 0),1
(0, 1, 0, 1, 0, 1, 0, 1, 0, 1, 0),1
(0, 1, 0, 1, 0, 0, 1, 0, 0, 1, 1, 1, 1, 0, 0, 0),1
(0, 1, 0, 1, 0, 1, 1, 0, 1, 0, 0, 0, 1, 0, 0, 1, 0, 0, 1, 1, 0),1
(0, 0, 1, 1, 1, 0, 1, 0, 0, 0, 1),1
(0, 1, 1, 1, 1, 0, 1, 1, 1, 1, 0, 1, 1, 0, 0, 1, 0),1
(1, 1, 1, 0, 1, 1, 0, 1, 0, 1),1
(1, 1, 1, 0, 0, 1, 0, 1, 0, 1, 1, 0, 1, 0, 0, 1, 0),1
(1, 0, 0, 0, 1, 0, 1, 1, 0),1
(0, 0, 1, 0, 1, 1, 1, 1, 0, 1, 1, 0, 1, 1, 1, 0, 1, 1, 0),1
(1, 1, 1, 1, 1, 0, 0, 0, 1, 1, 0),1
(0, 1, 1, 1, 1, 1, 0, 0, 0, 1, 0, 0, 1, 1, 0, 1, 0, 1, 1, 1, 1, 1, 0, 0, 1, 1, 0, 0, 1, 1, 0, 0, 1, 1),1
(0, 1, 1, 0, 0, 1, 1, 0, 1, 1, 1, 0, 0, 0, 1, 1, 0, 1, 0, 1, 0, 0, 1, 1, 0, 0, 0, 1, 0, 1, 0, 0, 1, 0, 1, 1, 1, 1, 1, 1, 0, 1, 1, 1, 0),1
(0, 1, 0, 0, 1, 0, 0, 1, 0, 1, 1),1
(1, 0, 0, 1, 0, 1, 0, 1, 1, 1, 0, 0, 1, 1),1
(1, 0, 1, 1, 1, 1, 1, 0, 1, 0, 0, 0, 1, 0, 0, 1, 0, 1, 1, 1, 0, 1, 0, 0, 0, 1, 1, 0),1
(1, 1, 1, 1, 0, 0, 0, 1, 1, 1, 1, 0, 0, 0, 1, 1, 0, 0, 0, 1, 0, 1, 1, 1),1
(0, 1, 1, 1, 1, 0, 1, 1, 1, 0, 0, 0, 1),1
(0, 1, 1, 1, 1, 0, 0, 1, 0, 1, 1, 1),1
(0, 1, 0, 0, 1, 1, 1, 0, 0, 0),1
(0, 1, 1, 1, 0, 1, 1, 1, 1, 0, 0, 0, 1),1
(0, 0, 1, 0, 0, 1, 1, 1, 0, 0, 0, 1, 1, 1, 1, 0),1
(1, 1, 0, 0, 1, 0, 1, 1, 0, 1, 1),1
(0, 1, 0, 1, 1, 0, 1, 1, 1, 1, 1, 1, 1, 1, 0, 1, 1, 0, 1, 0, 1, 0, 0, 1, 1, 1, 1, 1),1
(1, 0, 1, 1, 0, 1, 1, 0),1
(1, 1, 1, 1, 1, 0, 1, 1, 1, 1, 1, 1),1
(0, 1, 1, 0, 1, 0, 1, 1, 1, 0, 1, 0),1
(1, 0, 1, 0, 0, 0, 1, 1, 0, 1, 0),1
(0, 1, 0, 1, 0, 0, 1, 0, 0, 1, 0, 1, 1, 1, 0, 1, 1, 1, 1, 0, 1),1
(1, 0, 0, 1, 1, 0, 1, 1, 0, 0),1
(0, 0, 1, 1, 1, 0, 1, 1, 1, 1, 0, 0, 1),1
(0, 1, 0, 1, 0, 1, 1, 0, 0, 1, 0, 0, 1, 0, 1, 1, 1, 1, 0),1
(0, 1, 0, 1, 1, 1, 1, 0, 0, 0, 1, 0, 1, 1),1
(1, 0, 0, 0, 1, 1, 0, 1, 0, 0, 1, 1),1
(1, 1, 0, 1, 0, 1, 1, 1, 1, 1, 0, 0),1
(0, 0, 1, 0, 1, 1, 1, 1, 0, 1, 0, 1, 0, 0, 0, 1, 1, 1, 1, 1, 1, 1, 0, 1, 0, 1, 1, 1, 1, 1, 1, 1, 1, 0, 1, 1, 1, 1, 0, 1),1
(0, 1, 0, 1, 1, 1, 0, 1, 0, 1, 1, 0, 0, 0),1
(1, 0, 0, 0, 1, 1, 1, 1, 0, 0),1
(1, 1, 1, 0, 0, 1, 0, 1, 1, 0),1
(1, 1, 1, 1, 0, 0, 1, 1, 1, 1, 1, 0, 0, 1, 1, 1, 1, 0, 0),1
(1, 0, 0, 1, 1, 0, 0, 0, 1, 1, 0),1
(0, 1, 0, 0, 1, 1, 1, 1, 1, 0, 1, 1, 0),1
(0, 1, 0, 0, 1, 1, 0, 0, 1, 1, 1, 0),1
(1, 1, 0, 1, 1, 1, 1, 1, 0, 1, 1, 1, 1),1
(0, 1, 1, 0, 1, 1, 1, 0, 1, 0, 0, 1, 1, 0),1
(0, 0, 1, 0, 1, 1, 0, 0, 1, 0, 1, 0, 1, 1, 0, 0, 1, 1, 0, 1, 1),1
(0, 0, 1, 1, 0, 1, 1, 1, 0, 0),1
(1, 1, 1, 1, 0, 0, 1, 1, 0, 1),1
(0, 0, 1, 1, 0, 0, 0, 1, 1),1
(1, 1, 0, 1, 1, 0, 1, 0, 1, 1),1
(0, 1, 0, 0, 1, 1, 1, 1, 0, 0, 1),1
(0, 1, 1, 1, 1, 1, 1, 0, 0, 1, 0, 1, 1, 0, 1, 1, 1, 0, 0, 1, 1, 0, 1, 1, 1, 1, 1, 1, 1, 0, 1),1
(0, 1, 1, 1, 0, 0, 1, 0, 0, 1, 0),1
(0, 1, 1, 1, 1, 1, 1, 1, 1, 0, 1, 1),1
(1, 1, 1, 0, 1, 1, 0, 0, 1, 1, 0, 1, 0, 0, 1, 0, 0),1
(0, 1, 1, 0, 1, 0, 0, 1, 1, 1, 1, 1, 1),1
(1, 1, 0, 1, 0, 1, 0, 0, 1, 1, 0, 0),1
(1, 1, 1, 0, 0, 1, 0, 1, 1, 1),1
(1, 1, 0, 1, 1, 1, 1, 1, 0),1
(0, 1, 0, 1, 1, 0, 0, 1, 1, 1),1
(1, 1, 1, 1, 1, 1, 1, 1, 1, 1, 0, 1),1
(0, 0, 1, 1, 0, 1, 0, 0, 1, 1, 1),1
(1, 1, 1, 0, 1, 0, 1, 1, 1, 0, 0, 1, 1),1
(0, 1, 1, 0, 1, 1, 1, 0, 1, 1, 1, 1),1
(0, 1, 1, 1, 0, 1, 1, 1, 0, 0, 1, 0, 1, 0, 1, 1, 0, 1, 0, 1, 1, 0, 0, 1, 1, 1, 0, 1, 1, 0, 0, 0, 1, 0, 0),1
(1, 0, 0, 1, 0, 1, 1, 0, 1, 1),1
(1, 1, 0, 0, 1, 1, 0, 1, 1, 1, 1, 1, 1),1
(1, 1, 1, 0, 0, 1, 0, 1, 0),1
(1, 0, 0, 0, 1, 0, 1, 0, 1, 1, 0, 1, 1, 0, 0, 0, 1, 0, 0),1
(0, 0, 1, 1, 1, 1, 0, 1, 1, 0),1
(0, 0, 1, 0, 1, 1, 0, 1, 1, 0, 0),1
(0, 0, 1, 1, 0, 1, 0, 1, 1, 0, 0, 0, 1, 1, 1, 0, 0, 0, 1, 0, 1, 1, 1, 1, 0, 1, 1, 0, 0, 1, 0, 1, 0, 0, 1, 1),1
(0, 1, 1, 1, 1, 1, 0, 0, 0),1
(1, 1, 1, 0, 1, 0, 1, 1, 0, 1, 1, 1, 0, 0, 0, 1, 1, 0, 1, 1, 1, 0, 1, 1),1
(1, 0, 0, 0, 1, 1, 0, 1, 0, 0, 0),1
(1, 0, 1, 0, 1, 0, 0, 1, 0, 1, 1, 1, 1, 1),1
(1, 1, 0, 1, 0, 1, 0, 0, 0, 1, 0, 1, 1, 0, 0, 0, 1, 0, 0, 1),1
(0, 1, 0, 0, 1, 0, 0, 1, 1, 1, 0, 1, 1, 1, 1, 0, 0, 1),1
(1, 1, 0, 0, 0, 1, 0, 0, 1, 1, 0, 0, 0, 1, 0),1
(1, 1, 1, 1, 1, 0, 0, 1, 0),1
(1, 0, 0, 0, 1, 1, 1, 0, 0, 1, 1),1
(0, 0, 1, 1, 0, 0, 0, 1, 1, 0),1
(0, 0, 1, 0, 0, 1, 0, 0, 1, 0, 0, 1, 1, 1, 0),1
(0, 0, 1, 1, 0, 1, 0, 1, 0, 1),1
(0, 0, 1, 0, 1, 0, 1, 1, 1, 1),1
(0, 0, 1, 0, 1, 0, 1, 0, 1),1
(1, 0, 1, 0, 1, 0, 0, 1, 0, 0, 1, 1, 1, 1, 1, 0, 1, 1, 1),1
(0, 0, 1, 0, 1, 1, 0, 1, 1),1
(1, 1, 0, 1, 0, 1, 0, 1, 1),1
(1, 1, 1, 1, 1, 0, 0, 1, 1, 0, 0, 0, 1, 1, 0, 1, 1, 0),1
(1, 1, 1, 1, 1, 1, 0, 1, 0, 1, 1, 1, 1, 1),1
(0, 1, 1, 0, 0, 1, 0, 0, 1, 0, 1, 0),1
(0, 1, 1, 0, 1, 1, 1, 0, 0, 0, 1),1
(1, 0, 0, 1, 0, 1, 1, 0, 1, 0),1
(0, 0, 1, 1, 0, 1, 1, 0, 1, 0, 1, 1, 1, 0),1
(0, 1, 0, 1, 0, 0, 1, 0, 1, 1, 0, 0, 0, 1, 0, 1, 1, 0, 1),1
(1, 1, 1, 0, 0, 1, 0, 1, 0, 0),1
(1, 1, 1, 0, 1, 0, 1, 1, 0),1
(0, 0, 1, 0, 0, 1, 0, 0, 1, 0, 0, 1, 1, 1, 0, 0, 1, 1, 0, 0, 1, 1, 0, 1, 0, 0, 1),1
(1, 1, 1, 1, 1, 1, 1, 1, 0, 0, 0),1
(1, 1, 0, 0, 0, 1, 0, 0, 1, 0, 0),1
(1, 0, 1, 0, 1, 1, 0, 1, 1, 1, 1, 0, 1, 1, 0, 1, 1),1
(1, 1, 0, 0, 0, 1, 0, 0, 1, 0, 1, 1, 1, 1, 1, 1, 1, 0),1
(1, 1, 0, 0, 1, 0, 1, 0, 1, 1),1
(0, 0, 1, 0, 0, 1, 1, 1, 0, 0, 0),1
(0, 1, 1, 1, 0, 0, 1, 1, 1, 0, 0, 0, 1, 0),1
(1, 0, 0, 0, 1, 0, 1, 0, 1, 1, 1, 1, 1, 0, 1, 1, 0, 0, 0, 1, 1, 1, 0, 0, 1, 0, 1, 0, 0),1
(1, 0, 1, 0, 0, 0, 1, 1, 0, 0, 1),1
(0, 0, 1, 0, 1, 0, 1, 0, 0, 1, 0, 0),1
(0, 1, 1, 0, 1, 0, 0, 1, 0, 1, 0),1
(0, 1, 1, 1, 0, 0, 0, 1, 1, 0, 1, 0, 1, 0, 0, 1, 1, 0, 0, 0, 1, 1, 0, 0, 1),1
(0, 1, 1, 1, 0, 0, 1, 1, 0, 0, 0),1
(0, 0, 1, 0, 0, 1, 0, 1, 1, 1),1
(0, 1, 1, 0, 1, 0, 1, 0, 0, 1, 0, 1, 1),1
(0, 1, 0, 1, 1, 1, 1, 0, 0, 1, 1, 1, 1, 0, 0, 0, 1, 0, 1, 0, 1, 1, 0, 1, 1, 1, 0, 0),1
(1, 1, 0, 1, 1, 1, 0, 1, 0, 0, 1, 0),1
(1, 1, 0, 1, 0, 0, 1, 1, 0, 0, 1, 1, 0, 0, 0, 1, 0, 0, 1, 1, 1, 1, 0, 1, 1, 0, 0, 1, 1, 1),1
(0, 0, 1, 1, 1, 0, 0, 1, 1, 0, 0),1
(0, 1, 0, 1, 0, 1, 0, 1, 1, 1, 1, 1),1
(0, 0, 1, 0, 1, 0, 1, 0, 0, 1, 0, 0, 1, 0, 1, 0, 1, 0, 0, 1),1
(0, 1, 0, 0, 1, 1, 1, 1, 1, 1, 1, 0, 0),1
(0, 0, 1, 0, 1, 0, 1, 0, 0),1
(0, 1, 0, 1, 1, 0, 1, 1, 1, 0, 0, 1, 1, 0),1
(1, 0, 0, 0, 1, 1, 0, 1, 0, 1, 0),1
(0, 1, 1, 0, 1, 1, 0, 1, 0, 0, 1, 1),1
(1, 0, 0, 0, 1, 0, 0, 1, 1, 0, 1, 0, 1, 0, 0, 1, 1, 0, 1, 0, 1, 0, 0, 1, 0, 0, 1, 1, 0, 1, 0, 0, 1, 0, 1),1
(0, 0, 1, 1, 1, 0, 0, 1, 0, 0, 1, 0, 1, 1),1
(1, 1, 0, 0, 1, 1, 0, 1, 1, 1),1
(1, 0, 0, 1, 1, 1, 0, 1, 0, 1, 0, 0, 1, 0, 0, 1, 0, 0, 1, 0, 0, 1, 0, 0, 1, 1, 0, 1, 1, 1, 1, 0, 1),1
(1, 0, 0, 0, 1, 0, 0, 1, 0, 0, 1, 0, 0),1
(1, 1, 1, 0, 0, 1, 1, 0, 0, 0),1
(0, 1, 1, 1, 1, 1, 0, 0, 1),1
(0, 0, 1, 0, 1, 0, 1, 1, 0, 1, 0),1
(0, 1, 0, 1, 1, 1, 0, 1, 1, 0, 1, 1, 1, 1),1
(1, 0, 0, 0, 1, 0, 1, 1, 1, 0, 1, 0, 0),1
(1, 1, 1, 1, 0, 1, 1, 0, 0, 1),1
(0, 0, 1, 0, 1, 1, 0, 1, 1, 1, 1, 0, 1, 1, 1, 1),1
(0, 1, 1, 0, 0, 1, 0, 1, 0, 0),1
(0, 0, 1, 1, 1, 0, 1, 1, 1, 1, 0, 0),1
(0, 0, 1, 0, 0, 1, 1, 1, 1, 0, 1),1
(1, 1, 1, 1, 0, 1, 1, 0, 1, 0),1
(0, 1, 0, 1, 1, 1, 0, 1, 0, 0, 0, 1, 0),1
(0, 1, 0, 1, 0, 1, 0, 1, 1),1
(1, 1, 1, 0, 0, 1, 0, 1, 0, 0, 1, 0, 1, 1, 0),1
(0, 1, 1, 0, 0, 1, 0, 1, 0, 0, 1, 1, 1, 1, 1, 1, 0),1
(1, 1, 1, 0, 1, 0, 1, 0, 0, 1, 1, 0, 1, 0, 0),1
(0, 0, 1, 1, 1, 1, 1, 1, 1, 1, 1, 1, 0),1
(0, 1, 0, 1, 1, 1, 1, 0, 0, 0, 1, 0, 0, 1, 1, 0, 1, 0),1
(1, 1, 1, 1, 0, 1, 1, 1, 1, 0, 0, 1, 0, 0, 1),1
(1, 1, 1, 1, 1, 0, 0, 0, 1, 1, 1),1
(1, 0, 0, 0, 1, 1, 0, 0, 1, 0, 0, 1, 1, 0, 0),1
(0, 0, 1, 1, 0, 1, 1, 0, 1, 0, 1, 1, 0, 1, 0, 0),1
(0, 1, 1, 1, 0, 1, 0, 0, 1, 0, 1, 1, 1, 0, 0, 1),1
(0, 0, 1, 1, 0, 1, 1, 0, 0, 0, 1, 0, 1),1
(1, 0, 1, 0, 1, 1, 1, 0, 1, 1, 0, 0),1
(0, 1, 0, 1, 0, 1, 1, 1, 1, 0, 1, 1, 1, 1),1
(0, 1, 1, 1, 0, 1, 1, 1, 1, 0, 1, 0, 1, 0, 0, 1, 0, 1, 0, 0, 1, 1, 1, 1, 0),1
(0, 0, 1, 0, 0, 1, 0, 0, 1, 1, 1, 0, 1),1
(0, 1, 0, 1, 1, 0, 0, 1, 1, 1, 1),1
(1, 1, 0, 1, 0, 0, 1, 1, 0),1
(1, 0, 1, 0, 0, 1, 1, 1, 0, 0, 1),1
(0, 1, 0, 1, 1, 1, 0, 0, 1),1
(0, 0, 1, 0, 1, 0, 1, 1, 1, 0),1
(1, 0, 0, 1, 1, 1, 1, 0, 1, 0, 0, 1, 1, 0),1
(0, 0, 1, 1, 1, 1, 0, 0, 1, 0, 1, 0),1
(0, 1, 0, 1, 1, 1, 1, 0, 0, 0, 1, 1, 0, 0),1
(0, 0, 1, 1, 0, 0, 1, 0, 1, 1, 0, 0, 1, 0, 1, 0, 1, 1, 1, 1, 1, 1, 1, 1, 1, 0, 1, 1, 0, 0, 0, 1, 1, 0, 0, 1, 1, 1, 0, 1, 1),1
(1, 0, 1, 1, 0, 1, 0, 0, 1),1
(1, 1, 0, 1, 0, 0, 0, 1, 1, 0, 1, 1, 0),1
(0, 0, 1, 0, 1, 1, 0, 1, 1, 0, 0, 1, 1, 0),1
(0, 1, 1, 0, 1, 0, 1, 1, 0, 1, 1, 0, 1, 1, 1, 0, 1, 1, 1, 1, 0, 1, 0, 0, 0, 1, 1, 1, 0, 1),1
(0, 1, 0, 1, 0, 1, 1, 1, 0, 1, 0, 0),1
(1, 1, 1, 1, 1, 0, 1, 0, 1, 1, 1, 0, 0),1
(0, 1, 1, 0, 1, 0, 0, 1, 0, 1, 1, 0, 1, 1, 0, 1, 0, 0, 0, 1),1
(0, 1, 0, 0, 1, 0, 0, 1, 1, 1, 0, 1, 1, 0, 0, 0),1
(1, 1, 1, 0, 0, 0, 1, 0, 1),1
(1, 0, 1, 1, 1, 1, 1, 0, 0),1
(1, 1, 0, 0, 0, 1, 0, 1, 1, 1, 1, 0, 1, 0, 0, 0, 1, 0, 1, 1, 0, 0, 1),1
(0, 1, 1, 1, 1, 1, 0, 1, 1),1
(1, 1, 1, 1, 1, 0, 1, 0, 1),1
(0, 0, 1, 0, 0, 1, 1, 1, 1, 1, 1, 1, 0, 0, 1, 0, 0, 1, 1, 1, 1, 1, 0, 0, 1, 1, 0, 0, 1, 0, 1),1
(0, 0, 1, 0, 1, 1, 1, 1, 0, 1, 0, 0, 1, 0, 1, 0, 1),1
(0, 0, 1, 1, 0, 1, 0, 0, 0, 1, 0),1
(0, 1, 1, 1, 0, 1, 1, 0, 1, 1, 0, 0, 0, 1, 1),1
(0, 0, 1, 0, 0, 1, 0, 1, 1, 1, 1, 0, 1, 0, 1, 0, 1, 0, 1, 0, 0, 1, 0),1
(0, 1, 0, 0, 1, 0, 0, 1, 0, 1, 0, 0, 1, 0, 0),1
(0, 0, 1, 0, 1, 1, 0, 0, 1, 1, 1, 0, 0),1
(1, 1, 1, 0, 0, 1, 0, 0, 1, 1, 0, 1, 0, 1, 0, 1, 1),1
(1, 0, 1, 1, 1, 0, 0, 0, 1, 0, 1, 0, 1, 0, 1, 0),1
(1, 1, 1, 1, 1, 1, 0, 0, 1, 1),1
(0, 1, 0, 1, 1, 1, 1, 0, 0, 0, 1, 1, 1, 0, 1),1
(0, 0, 1, 0, 0, 1, 0, 1, 1, 1, 1),1
(1, 0, 1, 0, 0, 1, 1, 1, 0, 0, 1, 1, 0, 1, 1, 0, 0),1
(0, 0, 1, 0, 1, 1, 1, 0, 0, 1, 0, 1),1
(1, 0, 1, 0, 0, 1, 1, 0, 0, 1, 1, 0),1
(1, 1, 0, 1, 0, 0, 1, 1),1
(0, 1, 1, 1, 0, 1, 1, 1, 1, 0),1
(1, 0, 1, 0, 1, 0, 0, 1, 1, 0, 1, 1, 1, 0, 0, 1, 1, 0, 0, 1, 0, 1, 1),1
(1, 0, 0, 1, 0, 0, 1, 0, 0, 1),1
(1, 0, 1, 1, 0, 0, 0, 1, 0, 1, 1, 1, 1, 0),1
(1, 1, 1, 1, 1, 0, 0, 1, 1, 1),1
(1, 0, 1, 1, 1, 1, 1, 0, 0, 0, 1, 0, 0, 1, 0, 1, 1),1
(1, 1, 1, 1, 1, 0, 1, 0, 0, 1, 0, 0, 1, 1, 0, 1, 0, 0),1
(1, 0, 1, 1, 1, 0, 1, 0, 1, 1, 0, 1, 0),1
(0, 0, 1, 0, 1, 0, 1, 0, 1, 0, 0, 1, 0, 1, 0, 0),1
(1, 1, 0, 0, 0, 1, 0, 1, 1, 1, 1, 0),1
(1, 1, 0, 1, 1, 0, 0, 1, 0, 0, 1),1
(0, 1, 1, 0, 0, 1, 1, 1, 1, 0, 1, 1, 1, 1, 0, 0, 1, 0),1
(0, 1, 0, 0, 1, 1, 1, 0, 0, 1, 1, 1, 0, 1),1
(1, 0, 0, 0, 1, 1, 1, 1, 1),1
(1, 0, 1, 0, 1, 1, 0, 0, 0, 1, 1),1
(0, 0, 1, 1, 1, 1, 0, 1, 1, 0, 1, 0, 1, 1),1
(1, 1, 1, 1, 1, 0, 1, 1, 0, 1, 0),1
(1, 0, 0, 0, 1, 0, 1, 1, 0, 0, 0, 1, 0, 0, 1, 0, 1, 1, 0, 1, 1, 1),1
(1, 1, 1, 1, 1, 1, 1, 0, 1, 0, 0, 1, 1, 0, 1, 0, 1, 0, 1, 1, 0, 0, 0, 1, 0, 0, 1, 0, 1, 1, 1, 1),1
(0, 1, 1, 0, 0, 0, 1, 0, 1, 1),1
(1, 1, 0, 1, 1, 0, 1, 1, 0, 0, 1, 0, 0),1
(0, 1, 0, 1, 1, 1, 1, 1, 1, 1, 0),1
(1, 0, 1, 0, 1, 1, 0, 0, 0),1
(1, 0, 0, 1, 0, 1, 0, 0, 1, 0, 1, 1, 1, 1, 1, 1, 1, 1, 1, 1, 1, 0, 1, 0, 0, 1, 1, 1, 0, 0, 1, 1, 1, 1, 0, 0, 0, 1, 0, 0, 1, 1, 1, 1, 0, 1),1
(0, 0, 1, 1, 0, 1, 1, 1, 1),1
(0, 1, 1, 1, 1, 1, 0, 1, 0, 1, 0, 0),1
(0, 1, 0, 1, 0, 1, 0, 1, 1, 0, 0, 1, 0),1
(1, 0, 0, 1, 1, 0, 1, 1, 0, 0, 0, 1, 1, 1, 1, 1, 0, 0),1
(0, 1, 0, 1, 1, 0, 0, 1, 0, 1),1
(1, 0, 1, 1, 1, 1, 0, 0, 0, 1, 0, 1, 0, 1, 1, 1, 0),1
(0, 1, 0, 1, 0, 1, 1, 1, 0, 0, 1, 1, 1, 0),1
(1, 0, 1, 0, 1, 0, 1, 0, 0, 1),1
(1, 0, 1, 0, 1, 1, 0, 0, 0, 1, 1, 1, 0, 1, 1, 1, 0, 1, 1, 1, 1, 1, 1),1
(1, 0, 1, 0, 1, 0, 0, 1, 1, 1, 1, 1, 0, 0),1
(1, 0, 0, 0, 1, 1, 0, 0, 0, 1, 1, 0, 1, 0, 0),1
(1, 0, 1, 0, 0, 1, 0, 1, 1, 0, 0, 1, 0, 0),1
(1, 0, 1, 0, 0, 1, 1, 1, 1, 0, 0, 0),1
(1, 1, 1, 0, 0, 1, 0, 0, 1, 1, 0, 1),1
(0, 1, 0, 1, 1, 0, 1, 1, 1),1
(1, 1, 1, 0, 1, 0, 1, 1, 1, 1, 1, 0, 1),1
(1, 0, 1, 1, 1, 0, 1, 1, 1, 1, 0, 0, 0, 1, 1, 0, 0, 1, 1, 1, 1, 1, 1, 0, 1),1
(1, 1, 1, 0, 0, 0, 1, 0, 1, 0, 1, 0, 1, 0, 1, 1),1
(0, 1, 1, 1, 0, 1, 0, 1, 0, 1, 1, 0, 1, 0, 0, 0, 1, 1, 1, 0, 0, 0, 1, 0),1
(1, 1, 1, 0, 1, 1, 1, 0, 1, 0, 0),1
(1, 0, 0, 1, 0, 1, 1, 1, 1, 0),1
(1, 0, 1, 0, 1, 0, 1, 0, 0, 1, 0, 0),1
(0, 0, 1, 1, 1, 0, 0, 0, 1, 0, 0, 1, 0, 0),1
(1, 0, 0, 1, 1, 0, 1, 1, 1, 1, 1, 1, 1, 0, 1, 1, 1, 0, 0, 1, 1, 0, 0, 1, 0, 1, 0, 0, 1, 0, 1, 1, 1),1
(1, 0, 1, 0, 0, 1, 1, 1, 0, 1, 1, 1, 1, 1),1
(1, 1, 0, 1, 1, 0, 1, 0, 1, 0, 1),1
(1, 1, 0, 0, 1, 1, 1, 0, 1, 0, 1),1
(1, 1, 1, 0, 1, 0, 1, 0, 1, 0, 0),1
(1, 1, 1, 0, 1, 1, 0, 1, 0, 0),1
(0, 1, 0, 0, 1, 0, 1, 1, 0, 0, 0, 1, 0, 0, 1, 0, 1, 0, 1, 1),1
(0, 0, 1, 0, 0, 1, 0, 1, 0),1
(0, 1, 1, 1, 1, 0, 1, 1, 1),1
(0, 0, 1, 1, 1, 1, 0, 0, 0, 1, 0),1
(1, 0, 0, 0, 1, 0, 1, 1, 1, 0),1
(1, 0, 0, 1, 1, 1, 0, 0, 1, 0),1
(0, 0, 1, 1, 0, 1, 1, 0, 0, 1),1
(1, 1, 1, 0, 0, 0, 1, 0, 1, 1, 0, 0, 1, 0, 0, 1, 0, 0),1
(1, 0, 0, 1, 1, 0, 0, 1, 0, 1),1
(0, 1, 0, 1, 1, 0, 1, 1, 1, 1),1
(1, 0, 1, 0, 1, 0, 1, 0, 1, 0, 1, 1, 0, 1, 1),1
(0, 1, 1, 0, 1, 0, 1, 0, 1, 0, 0, 1, 1, 1, 0),1
(1, 0, 1, 1, 0, 0, 1, 0, 0, 1),1
(0, 0, 1, 1, 1, 1, 0, 0, 0, 1, 1, 1, 1, 0),1
(1, 1, 1, 0, 0, 1, 0, 1, 1, 0, 0),1
(1, 0, 0, 1, 0, 0, 1, 0, 1, 0, 0, 1),1
(1, 1, 1, 0, 0, 0, 1, 1, 0, 1, 0, 1, 0, 0, 1, 0, 1, 1, 0),1
(0, 1, 0, 0, 1, 0, 1, 0, 0),1
(1, 1, 0, 1, 0, 0, 0, 1, 1, 0, 1, 0, 0, 0, 1, 1, 1, 0, 1, 0, 1, 0),1
(0, 1, 0, 1, 0, 1, 0, 1, 0, 1),1
(0, 0, 1, 0, 1, 1, 1, 0, 1, 1, 1, 1, 1, 1, 1, 1, 1),1
(0, 1, 0, 0, 1, 0, 1, 0, 1, 1, 0, 1, 1, 1),1
(0, 0, 1, 1, 0, 0, 1, 0, 1, 0, 1, 1, 0, 1, 1, 0, 0, 1, 1, 0, 0),1
(1, 1, 1, 0, 1, 0, 1, 1, 0, 1, 0, 0),1
(1, 0, 0, 1, 1, 0, 0, 1, 0, 0, 1, 1),1
(1, 0, 1, 1, 1, 0, 0, 1, 1, 0, 0, 1, 1, 1, 1),1
(0, 1, 1, 1, 1, 1, 1, 1, 0, 1),1
(0, 1, 1, 1, 1, 1, 1, 1, 1, 0, 0, 1, 0, 0),1
(0, 1, 1, 0, 1, 1, 0, 0, 0, 1, 1),1
(1, 1, 0, 1, 1, 1, 1, 0, 1, 1, 1, 1, 0, 1, 0),1
(0, 1, 1, 0, 1, 0, 1, 1, 0, 1, 1),1
(1, 1, 0, 1, 0, 1, 1, 1, 1, 1),1
(1, 1, 0, 1, 0, 0, 0, 1, 1, 0),1
(0, 0, 1, 1, 0, 0, 0, 1, 1, 0, 0),1
(1, 1, 1, 0, 1, 1, 0, 0, 0, 1, 1, 1, 0),1
(0, 1, 1, 1, 1, 0, 1, 1, 0, 1, 1, 1, 1),1
(0, 0, 1, 0, 0, 1, 0, 0, 1, 0, 1, 1),1
(0, 1, 1, 0, 0, 1, 0, 1, 1, 0, 1, 1, 0),1
(1, 0, 1, 1, 0, 1, 1, 1, 0, 0, 0, 1, 0, 1, 0, 0, 1, 0, 0, 1, 1, 1, 0, 1, 1, 1, 1, 1, 0),1
(0, 1, 0, 1, 1, 1, 0, 1, 1),1
(0, 1, 1, 0, 1, 1, 1, 1, 1, 1, 1, 0, 1, 0),1
(0, 1, 0, 1, 1, 1, 0, 1, 0),1
(0, 1, 1, 1, 1, 0, 0, 1, 1, 0, 1, 0),1
(0, 1, 1, 0, 1, 1, 1, 0, 0, 0, 1, 1, 1),1
(1, 1, 1, 1, 1, 1, 1, 1, 0, 1, 1, 0, 0, 1, 0, 0, 1, 0),1
(1, 0, 0, 1, 1, 1, 1, 1, 1, 0, 1),1
(0, 1, 1, 0, 0, 1, 1, 1, 0, 1, 1, 0, 1, 0, 1, 0, 0, 1, 0),1
(0, 0, 1, 0, 1, 1, 0, 0, 1, 1, 1, 0, 1, 0),1
(0, 0, 1, 1, 1, 1, 1, 0, 1, 1, 0, 0, 1, 1),1
(1, 1, 0, 0, 0, 1, 0, 0, 1, 1),1
(1, 0, 0, 1, 0, 0, 1, 1, 1, 0, 1, 0, 1, 0, 0, 0, 1, 0),1
(0, 1, 1, 0, 0, 0, 1, 0, 1, 1, 1, 0, 1, 1, 0, 0, 1, 1, 0, 0, 1, 0, 1, 0),1
(1, 0, 0, 1, 1, 0, 1, 0, 1, 1, 1, 1, 0, 0, 0, 1, 1),1
(1, 0, 0, 1, 0, 1, 1, 0, 1, 0, 0, 1),1
(0, 1, 1, 1, 1, 0, 1, 1, 0, 1, 1, 1, 0, 1),1
(0, 1, 1, 1, 1, 0, 1, 0, 0, 0, 1),1
(1, 0, 1, 0, 1, 1, 0, 1, 1, 1, 1, 1, 1, 1),1
(0, 1, 1, 1, 1, 1, 0, 1),1
(1, 0, 1, 1, 1, 0, 1, 0, 0, 1, 1, 1, 0),1
(0, 1, 0, 1, 1, 0, 1, 0, 0, 1, 1, 1, 0, 1, 0),1
(1, 0, 0, 1, 0, 1, 1, 1, 0, 1, 0, 0),1
(0, 1, 0, 1, 1, 0, 1, 1, 1, 0, 1, 0, 0, 0, 1, 0, 1, 1, 1, 0, 1, 0, 1, 0, 1, 0, 0, 1, 0, 0, 1, 0, 0, 1, 0, 1),1
(0, 1, 0, 0, 1, 0, 1, 0, 0, 1, 0, 1),1
(1, 1, 0, 0, 0, 1, 1, 1, 0, 0),1
(0, 0, 1, 0, 0, 1, 1, 1, 1, 1, 0),1
(1, 0, 0, 1, 1, 1, 0, 1, 1, 0, 0, 1, 0, 0, 1, 0, 1),1
(1, 0, 0, 1, 0, 1, 1, 0, 1, 1, 0, 0, 1, 1),1
(1, 0, 0, 0, 1, 1, 0, 0, 0, 1, 1, 0, 0, 0, 1, 0, 0, 1, 0, 0, 1, 0, 0, 1, 1, 1, 1, 0, 0, 1, 1, 0, 1, 0, 0, 1, 1, 0, 0, 0, 1, 0, 1, 1, 0, 1, 1),1
(0, 1, 0, 1, 1, 0, 0, 1, 0, 1, 1, 1, 1, 0),1
(1, 1, 1, 1, 1, 0, 0, 1, 0, 0, 1, 0, 1, 1, 0),1
(0, 1, 0, 1, 1, 0, 0, 1, 1),1
(0, 1, 0, 1, 1, 1, 0, 1, 0, 0, 1, 0),1
(0, 0, 1, 0, 0, 1, 0, 1, 0, 1, 1, 1),1
(0, 1, 1, 1, 0, 0, 1, 0, 1),1
(0, 1, 0, 1, 0, 1, 0, 1, 1, 0, 1, 0),1
(1, 1, 0, 0, 1, 1, 0, 1, 1),1
(1, 1, 0, 0, 0, 1, 1, 1, 1, 1, 0, 0, 1, 0, 1, 1, 1),1
(1, 0, 0, 0, 1, 0, 1, 0, 1, 0),1
(1, 0, 0, 1, 0, 0, 1, 1, 0, 1, 1, 0, 1, 0, 0, 0, 1, 0, 0, 1, 0, 1, 1, 0, 1, 1, 0, 1),1
(1, 1, 0, 0, 1, 0, 0, 1, 0, 1, 1, 0, 1),1
(0, 0, 1, 0, 1, 1, 1, 0, 0, 1, 1, 1, 0, 0, 0, 1),1
(0, 1, 1, 0, 1, 1, 1, 1, 0, 1, 1),1
(0, 0, 1, 0, 0, 1, 1, 0, 1, 0, 1, 1, 0, 0, 1, 1, 1, 0, 0),1
(1, 0, 1, 1, 1, 0, 1, 1, 0, 0, 0, 1, 1, 1, 1, 0, 1, 0, 1, 0, 0, 0, 1, 1, 0, 0, 0, 1, 1, 0, 1),1
(1, 1, 1, 0, 0, 1, 0, 0, 1, 1, 0, 1, 1, 0, 0, 1, 0, 0, 1),1
(0, 0, 1, 0, 1, 1, 0, 0, 0, 1, 0, 1),1
(1, 0, 0, 0, 1, 1, 1, 1, 0, 1, 0),1
(0, 1, 1, 1, 0, 0, 1, 0, 1, 0),1
(0, 1, 1, 1, 0, 1, 0, 1, 1, 0, 1, 0, 0, 1, 1, 0, 0),1
(0, 0, 1, 0, 0, 1, 0, 1, 0, 0, 1, 0, 0, 1, 1, 1, 0, 0, 1, 1, 1, 0, 0, 1, 1, 1, 0, 0, 0),1
(0, 1, 1, 1, 0, 0, 1, 1, 0, 0),1
(1, 0, 0, 0, 1, 1, 1, 1, 0, 0, 0, 1, 1, 1, 0, 0, 0),1
(0, 1, 0, 0, 1, 1, 0, 0, 0, 1, 1),1
(0, 1, 1, 0, 0, 0, 1, 1, 1, 0, 0, 0, 1, 0, 0, 1, 1, 0, 0, 0),1
(1, 1, 0, 0, 0, 1, 1, 0, 1, 1, 1, 1, 0, 1, 0, 0, 1, 1, 0, 0, 0, 1, 0, 1, 0),1
(1, 1, 0, 1, 1, 1, 0, 1, 0, 1, 0, 1, 1, 0, 1, 0, 1, 1, 0, 0, 0, 1),1
(1, 1, 0, 0, 0, 1, 0, 1, 0, 1),1
(1, 1, 1, 1, 0, 0, 0, 1, 1, 0, 1),1
(1, 1, 1, 0, 1, 1, 0, 1, 1),1
(0, 0, 1, 1, 1, 1, 1, 0, 1, 1, 1, 0),1
(0, 1, 1, 1, 0, 0, 0, 1, 1, 1, 0, 0),1
(1, 1, 0, 0, 1, 0, 0, 1, 1, 1, 1, 1, 1, 1),1
(1, 1, 0, 0, 1, 0, 0, 1, 1, 0, 1, 0, 1, 1, 0, 0),1
(1, 0, 0, 1, 1, 1, 0, 1, 1, 0, 1, 1, 1, 0),1
(0, 1, 1, 0, 0, 1, 1, 0),1
(0, 0, 1, 0, 0, 1, 0, 0, 1, 1, 1),1
(1, 1, 1, 1, 1, 1, 0, 0, 1, 0, 1, 0, 1, 0),1
(0, 1, 0, 1, 0, 1, 0, 1, 1, 1, 0, 1, 1, 1, 1, 0, 0, 1, 0, 1, 1, 1),1
(1, 0, 0, 1, 0, 1, 0, 1, 0, 1, 0, 1),1
(1, 0, 1, 1, 0, 1, 0, 1, 0, 1),1
(1, 0, 1, 1, 0, 0, 1, 1, 1, 1, 1),1
(0, 1, 1, 1, 0, 0, 1, 1, 1, 0, 1, 0, 1, 0, 0, 1, 1, 0, 0, 0, 1, 1, 1, 0, 0, 0, 1, 1),1
(1, 1, 1, 0, 1, 1, 1, 1, 1, 1, 0, 0, 1),1
(0, 1, 1, 1, 1, 0, 0, 0, 1, 0, 1),1
(1, 0, 1, 0, 0, 1, 0, 1, 0, 1, 0),1
(0, 1, 1, 1, 0, 0, 1, 0, 0, 1, 1, 1, 1, 1, 1, 0, 0, 0, 1, 0, 0, 1, 1, 1),1
(0, 1, 1, 0, 1, 1, 1, 0, 0, 1, 1, 0, 0, 1, 0, 1, 0, 0, 1),1
(0, 0, 1, 1, 0, 0, 0, 1, 1, 0, 0, 0, 1, 0, 1, 0, 1),1
(0, 1, 0, 1, 1, 0, 0, 1, 1, 0),1
(1, 0, 1, 1, 1, 1, 1, 1, 0, 0, 1, 1, 1, 0, 1, 1, 0, 0, 0),1
(0, 0, 1, 0, 1, 0, 1, 1, 1, 0, 0, 0, 1),1
(0, 0, 1, 0, 1, 0, 0, 1, 1, 0, 0, 0, 1, 1, 1, 0),1
(1, 0, 1, 1, 0, 1, 1, 1, 1, 0, 0, 0, 1, 1, 1, 1, 1, 0, 1, 1, 1, 1, 1),1
(1, 0, 0, 1, 1, 0, 0, 1, 1, 0, 1, 1, 1, 1, 0),1
(1, 1, 1, 1, 0, 0, 0, 1, 0, 1, 1, 0, 1, 0, 1, 0, 1, 1, 1, 0, 1, 0, 0, 0, 1, 0, 1, 0),1
(1, 1, 1, 0, 1, 1, 1, 0, 1),1
(1, 0, 0, 1, 0, 1, 0, 1, 0),1
(0, 1, 0, 0, 1, 1, 1, 1, 1, 1),1
(1, 0, 0, 1, 1, 1, 0, 1, 0),1
(1, 0, 0, 1, 1, 1, 0, 1, 1, 1),1
(1, 1, 0, 1, 1, 0, 1, 1, 0, 0, 0),1
(1, 1, 1, 1, 0, 1, 0, 1, 1, 1, 1),1
(1, 1, 1, 0, 0, 1, 0, 0, 1, 0, 1),1
(1, 0, 0, 1, 1, 1, 1, 0, 0, 0),1
(1, 0, 1, 0, 1, 0, 1, 1, 1, 0),1
(0, 0, 1, 0, 0, 1, 0, 1, 0, 1, 1),1
(0, 1, 0, 0, 1, 1, 0, 0, 1, 1, 1, 0, 1),1
(1, 1, 1, 1, 1, 1, 0, 1, 0, 1, 1, 0),1
(1, 0, 1, 1, 1, 1, 0, 0, 0),1
(1, 0, 1, 0, 1, 0, 1, 0, 1, 1, 1, 1, 0, 0, 1, 0, 0, 1, 1, 1, 1, 1, 0, 1, 0, 1, 1, 1, 1, 1, 0, 1),1
(0, 0, 1, 0, 0, 1, 0, 0, 1, 1, 1, 1, 0, 0),1
(1, 1, 1, 1, 1, 1, 1, 0, 0, 0, 1, 0, 0, 1, 1),1
(0, 0, 1, 0, 1, 1, 1, 0, 1, 1, 1),1
(1, 0, 0, 1, 1, 1, 1, 1, 1, 1),1
(0, 1, 0, 1, 0, 1, 0, 1, 1, 0),1
(1, 1, 0, 0, 1, 1, 1, 1, 0, 0, 1, 1, 0, 1, 1, 1, 1, 1, 0),1
(0, 1, 0, 1, 1, 0, 1, 0, 1, 1, 1, 0),1
(1, 0, 0, 0, 1, 1, 0, 0, 1, 0, 0, 1, 0, 0, 1, 1, 1, 1, 0, 0, 0, 1, 0, 0, 1, 1, 1, 1, 1, 0),1
(0, 0, 1, 1, 1, 0, 0, 0, 1, 1, 0, 1, 1, 0, 0),1
(1, 0, 0, 0, 1, 1, 1, 0, 1, 0, 1, 0, 0, 0, 1, 0, 1, 0, 1),1
(1, 0, 1, 0, 1, 0, 1, 0, 0, 1, 1, 1, 1, 0, 1, 0, 1, 1, 1, 0, 1, 0, 1, 0, 1, 0, 0, 1, 0, 1, 1, 1),1
(1, 1, 0, 1, 1, 1, 1, 1, 0, 1, 1),1
(1, 1, 1, 1, 0, 1, 1, 0, 1, 1, 1),1
(1, 0, 1, 0, 0, 0, 1, 0, 0, 1, 1, 1),1
(0, 1, 0, 0, 1, 1, 1, 0, 1, 0, 1, 1, 1, 1, 0, 1, 0),1
(1, 0, 0, 0, 1, 0, 1, 0, 0, 1, 0, 0, 1, 1, 0, 1, 0, 1),1
(1, 1, 1, 1, 1, 1, 1, 1, 0, 0, 0, 1, 0, 0, 1),1
(1, 1, 1, 1, 0, 1, 0, 1, 1, 1, 0),1
(1, 1, 1, 1, 0, 0, 1, 0, 1, 0, 1, 1, 0),1
(0, 1, 0, 1, 1, 1, 0, 1, 0, 0, 1, 1),1
(1, 1, 1, 1, 1, 1, 1, 1, 0, 0),1
(1, 1, 0, 1, 1, 0, 1, 0, 0, 1, 0, 0, 1, 1, 0, 1, 1, 1, 1, 0),1
(0, 1, 0, 0, 1, 1, 1, 1, 1, 0, 0, 0, 1),1
(0, 1, 1, 1, 0, 0, 1, 0, 0),1
(1, 1, 0, 1, 1, 1, 1, 1, 1, 0, 1, 0, 0, 1, 1, 1),1
(0, 0, 1, 1, 1, 1, 1, 1, 1, 0, 1, 0, 1, 0, 1, 1, 1, 0, 0, 1, 0, 1, 0, 1, 0),1
(0, 1, 0, 1, 1, 0, 1, 0, 0, 1, 1, 0),1
(0, 1, 0, 1, 0, 1, 1, 1, 0),1
(1, 1, 0, 1, 0, 0, 0, 1, 0, 0, 1, 1, 1),1
(0, 1, 0, 1, 1, 0, 1, 1, 0, 0),1
(1, 0, 1, 1, 0, 1, 1, 1, 0, 1, 0, 1, 0),1
(1, 0, 1, 0, 0, 1, 1, 1, 0),1
(0, 1, 0, 0, 1, 0, 0, 1, 1, 0, 1, 1, 0),1
(0, 0, 1, 0, 1, 1, 1, 1, 1, 1),1
(0, 1, 1, 1, 1, 1, 0, 1, 1, 1, 1, 0),1
(1, 0, 1, 1, 1, 1, 1, 0, 0, 0, 1, 0),1
(1, 1, 1, 0, 1, 0, 1, 0, 1, 0),1
(0, 1, 0, 1, 1, 0, 1, 0, 0, 1),1
(1, 1, 0, 1, 1, 1, 0, 1, 1, 0),1
(0, 1, 1, 0, 1, 0, 1, 0, 1, 0, 0, 1, 0, 1, 0, 1, 0, 1, 1, 1, 0),1
(0, 0, 1, 0, 1, 1, 1, 1, 0, 0, 0, 1, 1, 0, 1, 0, 1),1
(1, 1, 0, 1, 1, 0, 1, 0, 1, 0),1
(0, 0, 1, 0, 0, 1, 0, 0, 1, 0, 1, 1, 0, 1),1
(0, 0, 1, 1, 0, 1, 0, 0, 1, 0, 1, 0, 0, 1, 1, 1, 1, 0),1
(0, 1, 1, 0, 1, 1, 1, 0, 0, 1, 1),1
(0, 1, 0, 0, 1, 0, 0, 1, 1, 1, 0, 1, 1, 1, 1, 1),1
(0, 0, 1, 1, 0, 1, 0, 1, 0, 1, 0),1
(0, 1, 1, 0, 1, 1, 1, 0, 1, 1, 0, 0, 1, 0),1
(0, 1, 1, 0, 0, 1, 0, 1, 1, 0, 1, 0, 1),1
(1, 0, 1, 1, 1, 0, 0, 0, 1, 0, 1, 1, 0, 0),1
(1, 1, 0, 0, 0, 1, 0, 0, 1, 1, 0, 0, 0),1
(1, 0, 1, 0, 0, 1, 1, 1, 1),1
(0, 0, 1, 0, 1, 0, 1, 1, 0, 0),1
(0, 1, 0, 1, 0, 1, 1, 0, 0, 1, 1, 1),1
(0, 1, 0, 1, 0, 0, 1, 1, 0, 1, 0),1
(1, 1, 1, 1, 1, 1, 1, 0, 0, 1, 0, 1, 1, 1, 1),1
(1, 0, 1, 1, 0, 1, 1, 0, 0, 1),1
(1, 0, 0, 1, 1, 0, 1, 1, 0),1
(1, 0, 0, 1, 0, 0, 1, 1, 1, 1, 0),1
(0, 0, 1, 1, 0, 0, 1, 0, 1),1
(0, 1, 1, 0, 0, 1, 1, 0, 1, 0),1
(1, 1, 1, 0, 1, 1, 0, 1, 0),1
(0, 1, 0, 1, 0, 0, 1, 1, 0, 0, 0),1
(1, 1, 0, 0, 1, 1, 1, 1, 1, 0),1
(1, 0, 1, 1, 1, 0, 0, 0, 1, 1, 1, 0, 0, 0, 1, 0, 1, 1),1
(0, 1, 0, 1, 0, 1, 1, 0, 1, 0, 0, 1, 1, 0),1
(0, 1, 1, 1, 1, 0, 1, 1, 1, 0, 1, 1, 1, 0),1
(1, 1, 1, 1, 1, 0, 1, 1, 0, 0, 0, 1),1
(0, 0, 1, 1, 1, 1, 1, 0, 1, 1, 0, 1, 0, 1),1
(0, 1, 0, 0, 1, 1, 1, 0, 0, 1, 0, 0, 1),1
(1, 0, 1, 1, 1, 0, 0, 0, 1, 1, 1, 0),1
(0, 0, 1, 1, 1, 0, 1, 0, 1, 0, 0),1
(0, 0, 1, 0, 1, 0, 0, 1, 1, 1, 1, 1, 1, 1, 1, 0, 1, 0),1
(1, 1, 0, 1, 0, 0, 1, 0, 0, 1, 0, 1, 1),1
(1, 1, 1, 1, 1, 0, 0, 1, 0, 0),1
(1, 0, 0, 0, 1, 1, 1, 1, 0, 1, 0, 0, 0),1
(1, 0, 0, 1, 0, 0, 1, 0, 0, 1, 1),1
(0, 1, 1, 1, 0, 0, 0, 1, 1, 0, 0, 0, 1, 1),1
(0, 1, 0, 0, 1, 1, 0, 1, 0, 1, 1, 1),1
(0, 0, 1, 1, 1, 1, 1, 1, 0, 1, 0, 0),1
(1, 0, 0, 1, 0, 1, 0, 0),1
(1, 1, 0, 1, 1, 0, 0, 0, 1, 0, 0, 1, 0),1
(1, 0, 1, 0, 0, 0, 1, 0, 0),1
(1, 0, 1, 1, 1, 0, 0, 1, 0),1
(1, 1, 1, 1, 0, 0, 1, 1, 1, 0, 1),1
(1, 1, 0, 0, 1, 1, 0, 1, 0, 1, 1),1
(1, 1, 1, 0, 0, 0, 1, 0, 0, 1, 1, 0),1
(1, 0, 0, 0, 1, 1, 0, 0, 0, 1, 0, 0, 1),1
(1, 0, 0, 1, 1, 0, 0, 1, 0, 0),1
(0, 1, 0, 0, 1, 0, 0, 1, 1, 0, 0, 1, 1, 0, 0, 1, 0, 0, 1),1
(1, 0, 0, 1, 0, 1, 0, 0, 1, 0, 0, 1, 0, 1, 0, 0, 1, 0, 1, 1, 0),1
(1, 1, 1, 0, 1, 1, 0, 0, 0, 1, 1, 1, 0, 0),1
(1, 0, 1, 1, 0, 0, 1, 0, 1, 0),1
(1, 1, 1, 1, 1, 0, 1, 0, 0, 1, 0, 1, 1, 1, 1, 1, 1, 0),1
(1, 1, 0, 1, 0, 1, 0, 0, 0, 1, 1),1
(0, 1, 1, 1, 0, 1, 0, 0, 1),1
(0, 1, 1, 1, 1, 0, 1, 1, 1, 1, 1),1
(1, 0, 1, 1, 0, 1, 1, 1, 0, 1),1
(0, 1, 1, 1, 0, 0, 1, 1, 1, 0, 1),1
(0, 1, 0, 0, 1, 0, 0, 1, 1, 1, 1, 0, 1, 1),1
(1, 1, 1, 1, 0, 0, 1, 0, 0, 1, 1, 1, 1, 1, 1, 1, 1, 1, 1, 0, 1, 0, 1, 1, 0, 0),1
(0, 0, 1, 0, 0, 1, 1, 0, 0, 1, 0, 1),1
(0, 1, 0, 0, 1, 0, 0, 1, 0, 1, 0, 1, 0),1
(0, 1, 1, 1, 0, 0, 1, 1, 0, 0, 0, 1, 1),1
(0, 1, 0, 0, 1, 1, 0, 0, 1, 0),1
(0, 0, 1, 0, 0, 1, 1, 1, 1, 0, 1, 1, 0, 0, 1, 1, 1, 1, 0, 1, 0, 0),1
(1, 1, 0, 1, 1, 0, 0, 1, 1, 0, 1),1
(0, 1, 1, 0, 1, 1, 1, 0, 0, 0),1
(1, 0, 1, 0, 1, 0, 1, 0, 1, 0, 0, 1, 0, 0),1
(1, 0, 1, 0, 0, 0, 1, 1, 0),1
(1, 0, 1, 0, 0, 0, 1, 1, 1, 1, 0),1
(1, 1, 0, 0, 1, 1, 1, 1, 0, 0, 0, 1, 1, 0, 0, 0),1
(1, 0, 1, 0, 0, 1, 1, 1, 1, 0, 0, 1),1
(0, 0, 1, 1, 1, 0, 1, 0, 1, 0, 1, 0),1
(1, 0, 1, 0, 1, 0, 1, 1, 0, 0, 0, 1, 1),1
(1, 1, 1, 0, 0, 1, 1, 1, 0, 0),1
(0, 1, 1, 0, 1, 1, 1, 0, 1, 1, 1, 1, 1, 1, 1, 1, 0, 0, 1, 0, 0, 1, 0, 1, 0, 1, 1, 0),1
(1, 1, 1, 1, 0, 0, 1, 1, 0, 0, 1, 1, 0),1
(0, 0, 1, 1, 0, 1, 0, 0, 1),1
(1, 0, 0, 1, 0, 0, 1, 1, 1, 0),1
(1, 1, 0, 0, 0, 1, 1, 1, 0, 0, 1, 0, 0, 1, 1, 0),1
(0, 0, 1, 1, 1, 1, 0, 1, 0, 0, 1, 0, 0),1
(0, 1, 1, 1, 0, 1, 1, 0, 0, 0, 1),1
(1, 1, 1, 1, 1, 0, 1, 1, 1, 0, 0, 0, 1, 0, 0, 1, 1, 0),1
(1, 1, 1, 0, 1, 1, 0, 1, 1, 1, 0),1
(1, 0, 1, 0, 0, 0, 1, 1, 1, 1, 1, 0, 1, 0, 1, 0, 1, 1),1
(1, 0, 0, 1, 1, 1, 1, 1, 1, 0, 0),1
(1, 0, 0, 1, 0, 1, 1, 0, 1, 0, 1, 1, 1, 0, 1, 1, 0, 1, 0, 1, 1),1
(1, 0, 1, 0, 1, 1, 0, 0, 1, 1, 1, 1, 0, 0, 1, 0, 1, 0, 0, 1, 1),1
(1, 0, 0, 1, 1, 1, 1, 0, 0),1
(1, 1, 1, 1, 0, 1, 0, 0, 0),1
(0, 1, 0, 1, 0, 1, 0, 0, 1, 0, 1),1
(0, 1, 1, 0, 0, 1, 1, 0, 1, 0, 1, 0, 1, 1, 0, 1, 0, 1, 1, 0),1
(0, 0, 1, 1, 1, 0, 1, 1, 0, 1, 0, 0, 1, 1, 1, 1, 1, 1, 1, 1),1
(1, 1, 1, 0, 1, 0, 1, 0, 1, 0, 0, 1, 1, 0, 1, 1),1
(0, 1, 1, 0, 1, 0, 1, 1, 0, 0, 1, 1),1
(1, 1, 1, 1, 0, 1, 1, 0, 0, 0, 1, 1, 1, 0, 1),1
(1, 1, 1, 1, 1, 1, 0, 1, 1, 0, 1),1
(0, 1, 0, 0, 1, 0, 1, 1, 1, 0, 1, 0, 1, 1, 1, 1, 0, 1, 1, 1, 1, 0, 0),1
(1, 1, 1, 0, 1, 0, 0, 1, 0, 0, 1, 0, 1, 1, 0, 0, 1, 0, 1, 0, 1, 1, 0, 0, 0, 1, 0, 1, 0, 0),1
(1, 1, 1, 0, 1, 1, 0, 0, 0, 1, 1, 1, 1),1
(0, 0, 1, 1, 1, 0, 1, 1, 1, 0, 0),1
(0, 1, 1, 1, 0, 0, 0, 1, 0),1
(0, 0, 1, 1, 0, 0, 0, 1, 0, 1, 1, 1, 1, 1, 0, 1, 0, 0),1
(1, 1, 0, 1, 1, 1, 0, 1, 1, 1),1
(1, 0, 1, 0, 1, 1, 0, 0, 1, 1),1
(1, 0, 0, 0, 1, 1, 0, 0, 1, 0, 1, 1, 0),1
(0, 0, 1, 0, 1, 1, 0, 0, 1, 0, 1, 0, 1, 1, 0, 0, 1, 0, 1, 0, 0, 1, 1, 0, 1, 1, 0, 0, 0, 1, 0, 0, 1, 0, 0, 1, 1, 1, 0, 1, 0, 0, 0, 1, 0, 1, 1, 0, 1, 0, 1, 0, 0, 1, 0, 1, 1, 1, 0, 1, 0, 1, 1),1
(1, 1, 0, 1, 0, 1, 1, 0, 0, 0, 1, 0, 0, 1, 1),1
(1, 0, 1, 0, 1, 0, 1, 1, 0, 1, 1, 0, 1, 1, 0, 1, 0, 1, 0, 1, 1, 1, 0, 1, 1, 0, 0, 1, 1, 1, 1, 1),1
(1, 1, 1, 1, 0, 1, 1, 1, 1, 1),1
(0, 1, 0, 1, 1, 0, 1, 0, 1),1
(1, 1, 1, 1, 0, 1, 1, 1, 0, 1, 1, 0, 1, 0, 1, 0, 0, 1),1
(1, 0, 1, 0, 1, 0, 0, 1, 1, 0),1
(0, 0, 1, 0, 0, 1, 0, 0, 1, 1, 0),1
(1, 1, 1, 0, 1, 0, 1, 0, 0, 0, 1, 0),1
(0, 1, 1, 0, 0, 1, 0, 1, 1, 0),1
(0, 0, 1, 1, 0, 1, 0, 0, 1, 1, 1, 1, 1, 1, 1, 0, 0, 1),1
(0, 1, 0, 1, 0, 1, 0, 1, 0, 0, 1, 0, 0, 1, 1, 1, 1, 0, 1, 0),1
(0, 1, 0, 0, 1, 0, 1, 0, 0, 1, 1, 1, 0, 1),1
(0, 0, 1, 0, 1, 1, 1, 1, 0, 0, 0),1
(0, 1, 0, 1, 1, 1, 0, 1, 1, 0, 0, 0, 1, 1, 1, 1),1
(1, 0, 1, 1, 1, 1, 1, 1, 1, 1, 1, 0),1
(1, 1, 0, 1, 0, 0, 1, 0, 0),1
(1, 0, 0, 0, 1, 1, 1, 0, 0, 1, 0, 1, 0, 0, 1),1
(0, 1, 0, 1, 1, 1, 0, 1, 0, 0, 1, 1, 1, 0, 0, 0, 1, 1, 1, 0, 1, 1, 1),1
(0, 1, 1, 0, 1, 0, 1, 0, 1, 0, 1, 1, 1, 1, 1, 0, 1, 0, 1, 1, 1, 0, 1, 1, 0, 0, 1, 0),1
(1, 1, 1, 1, 0, 0, 0, 1, 0, 1, 1, 0, 1, 1, 0, 1, 0),1
(0, 0, 1, 0, 1, 1, 0, 0, 0, 1, 1, 0, 1, 1, 1, 0, 0, 1, 0),1
(0, 0, 1, 0, 0, 1, 1, 1, 1, 1),1
(0, 1, 0, 0, 1, 0, 1, 1, 0, 1, 1, 0, 0, 0, 1, 0),1
(0, 0, 1, 0, 1, 0, 1, 0, 1, 0),1
(1, 1, 1, 0, 1, 1, 0, 0, 1, 1),1
(1, 0, 0, 0, 1, 0, 1, 0, 1),1
(1, 1, 1, 1, 0, 0, 0, 1, 1, 0),1
(0, 0, 1, 0, 0, 1, 0, 0, 1, 1, 1, 1),1
(0, 1, 0, 0, 1, 1, 0, 1, 0, 0, 0, 1),1
(1, 0, 1, 1, 1, 0, 1, 1, 1, 1, 1),1
(1, 0, 1, 0, 0, 0, 1, 0, 0, 1, 1, 0, 0, 1, 0, 1, 1, 1, 1, 0, 0, 1, 0),1
(1, 0, 1, 0, 1, 1, 0, 0, 1),1
(0, 0, 1, 0, 0, 1, 0, 0, 1, 0, 0, 1, 0, 1),1
(1, 0, 1, 0, 0, 0, 1, 1, 1, 1, 1, 0, 0, 1, 1, 1, 1, 1, 1),1
(1, 1, 0, 0, 1, 0, 0, 1, 0, 0),1
(0, 1, 0, 0, 1, 0, 1, 1, 1, 0),1
(0, 0, 1, 1, 1, 0, 1, 0, 0, 0, 1, 0, 0, 1, 1, 1, 1, 1, 0, 1, 1, 0, 0, 0, 1, 1, 0, 1),1
(1, 0, 0, 0, 1, 1, 1, 0, 0, 1, 1, 0, 1, 1, 1, 0, 1, 0, 1, 0, 1, 0, 0, 1, 0, 1),1
(1, 0, 0, 1, 1, 0, 1, 0, 1, 0, 1, 0),1
(0, 1, 0, 1, 1, 1, 0, 0, 1, 0, 1, 0, 1, 1, 1, 1, 0, 1, 0, 0, 1, 0, 1, 1, 1, 1, 0),1
(0, 0, 1, 0, 1, 1, 0, 0, 1, 0),1
(1, 1, 0, 0, 0, 1, 0, 0, 1, 1, 0, 0, 0, 1),1
(1, 0, 0, 0, 1, 0, 1, 0, 0, 1, 1, 1, 0, 1, 1, 1, 0, 1, 1, 1, 1, 1, 1, 0, 1, 1),1
(0, 1, 1, 0, 0, 1, 0, 1, 0, 0, 1, 1),1
(0, 0, 1, 0, 0, 1, 0, 0, 1, 1, 1, 0, 0, 0, 1, 1, 1, 1, 0, 0, 1, 0, 0, 1),1
(0, 1, 0, 1, 0, 1, 0, 1, 0),1
(0, 1, 1, 1, 0, 1, 0, 0, 0, 1, 0, 1, 1, 0, 0, 0, 1, 0, 0),1
(0, 1, 1, 1, 1, 0, 1, 0, 1, 1, 1, 1, 0, 1, 1, 1, 1, 1, 1, 1),1
(1, 0, 1, 0, 0, 1, 1, 1, 1, 0, 0, 1, 0),1
(1, 0, 1, 0, 1, 0, 0, 1, 1, 0, 1, 0, 1),1
(1, 1, 1, 1, 0, 1, 1, 1, 1, 1, 1, 0, 1, 1, 0, 1),1
(1, 1, 0, 1, 1, 0, 0, 1, 1, 1),1
(1, 1, 1, 1, 0, 1, 1, 0, 0),1
(0, 1, 0, 0, 1, 1, 0, 1, 1, 1, 1, 0, 0),1
(1, 1, 0, 0, 1, 0, 0, 1, 0, 0, 1, 0, 1, 1, 0, 1),1
(1, 1, 1, 1, 0, 0, 1, 0, 0, 1, 1, 1, 1, 1, 0, 1, 0, 0, 1, 0, 0, 1, 1, 0, 1, 1),1
(1, 0, 0, 0, 1, 1, 0, 1, 1, 0, 0, 1, 0, 1, 0, 1, 1),1
(1, 0, 0, 0, 1, 0, 1, 1, 0, 0),1
(0, 1, 0, 0, 1, 0, 0, 1, 0, 0),1
(0, 1, 1, 0, 1, 0, 0, 1, 1, 0, 1, 1, 0, 1, 0),1
(0, 1, 1, 1, 0, 1, 1, 0, 0, 1, 1, 1, 0, 0),1
(1, 1, 0, 1, 0, 0, 0, 1, 1, 0, 1),1
(0, 0, 1, 0, 0, 1, 0, 0, 1, 1, 1, 1, 0, 0, 1, 1),1
(1, 0, 0, 1, 1, 1, 0, 0, 0, 1, 1, 1, 1, 1, 0),1
(0, 0, 1, 1, 0, 0, 1, 1, 0),1
(0, 1, 1, 1, 0, 0, 1, 1, 0, 0, 1, 0, 0),1
(1, 0, 1, 1, 0, 1, 0, 1),1
(1, 0, 1, 1, 0, 1, 1, 1, 1),1
(1, 1, 1, 1, 1, 0, 0, 1, 1),1
(1, 1, 0, 1, 1, 1, 0, 0, 0, 1, 0, 0),1
(0, 0, 1, 0, 1, 0, 0, 1, 0),1
(0, 1, 0, 0, 1, 1, 0, 1, 1, 0, 1, 1),1
(1, 1, 0, 1, 1, 1, 1, 0, 1, 1, 1, 1),1
(1, 1, 0, 0, 0, 1, 0, 1, 0, 0),1
(0, 0, 1, 1, 1, 0, 1, 0, 0, 0, 1, 0, 1, 0, 0, 1, 0, 1, 1),1
(1, 1, 1, 1, 1, 0, 1, 1, 1, 0, 1),1
(0, 1, 0, 1, 1, 1, 1, 0, 1, 1),1
(0, 1, 0, 1, 1, 0, 0, 0),1
(0, 0, 1, 0, 1, 1, 1, 1, 1, 0),1
(1, 1, 0, 0, 0, 1, 0, 1, 1, 0, 0, 0, 1),1
(0, 0, 1, 0, 1, 0, 0, 1, 0, 0, 1, 0, 0, 1, 1, 1, 1, 1, 0, 1, 1, 1, 0, 1, 1, 1, 0, 0, 0, 1, 1, 0, 0, 0, 1, 0, 1, 0, 1, 0, 1, 1),1
(0, 1, 1, 1, 0, 1, 1, 0, 1, 0),1
(1, 1, 0, 1, 1, 1, 1, 1, 1, 1),1
(0, 0, 1, 0, 0, 1, 0, 0, 1, 1, 0, 1, 1, 1, 1, 1, 0, 0, 1, 0, 0),1
(1, 1, 0, 0, 0, 1, 1, 0, 0, 0, 1, 0, 1, 0, 0, 1, 0, 1, 1, 0, 1, 0, 1, 1, 0, 1, 1, 0, 1, 1, 1, 0, 0, 1, 0),1
(0, 1, 0, 0, 1, 1, 1, 0, 1),1
(1, 1, 1, 0, 1, 1, 0, 1, 0, 0, 1),1
(1, 0, 1, 1, 1, 1, 0, 0, 0, 1, 1, 1, 1, 1),1
(1, 1, 0, 0, 1, 1, 1, 1, 1, 1),1
(0, 0, 1, 0, 0, 1, 1, 0, 1, 1, 0),1
(0, 0, 1, 0, 0, 1, 1, 0, 1, 0, 0),1
(1, 1, 1, 1, 1, 1, 0, 1, 1, 0),1
(1, 0, 0, 0, 1, 0, 0, 1, 1, 0, 1, 0),1
(0, 0, 1, 0, 1, 0, 0, 1, 1, 1, 0, 1, 1, 0),1
(1, 1, 0, 0, 0, 1, 0, 1, 0, 1, 1, 0, 1, 1, 1, 1, 0, 0, 0, 1, 0, 0, 1, 0, 1, 1, 0, 1, 0, 1, 1, 1, 0, 0),1
(0, 1, 0, 0, 1, 0, 0, 1, 0, 0, 1, 1, 1, 1, 1),1
(0, 1, 0, 0, 1, 1, 1, 1, 1, 0, 1, 1, 0, 0, 0),1
(1, 0, 0, 1, 1, 1, 1, 0, 0, 1, 1),1
(0, 0, 1, 1, 0, 1, 0, 0, 1, 0, 1),1
(0, 0, 1, 1, 0, 1, 0, 1, 1, 1, 0, 0, 0),1
(0, 0, 1, 0, 0, 1, 0, 0, 1, 1, 1, 1, 0, 1, 1, 0, 0, 1, 1),1
(1, 0, 0, 0, 1, 0, 1, 1, 1, 1),1
(1, 1, 1, 0, 0, 1, 0, 0, 1, 0, 0, 1, 1, 0, 0, 1, 0, 1, 0, 0, 1, 1, 0, 1),1
(0, 1, 0, 1, 1, 0, 1, 1, 0, 1, 0, 0, 1, 1),1
(1, 0, 1, 0, 0, 1, 1, 0, 1),1
(1, 1, 1, 0, 1, 0, 0, 0, 1, 1, 1, 0, 0, 1, 0),1
(1, 1, 0, 1, 1, 1, 1, 0, 1, 0, 1, 0, 1, 1),1
(1, 0, 1, 0, 1, 0, 1, 0, 0),1
(1, 0, 1, 0, 1, 1, 0, 0, 0, 1, 0),1
(0, 1, 1, 0, 0, 1, 0, 1, 1, 1),1
(0, 1, 0, 0, 1, 0, 1, 1, 1, 0, 0, 0, 1, 1),1
(1, 0, 0, 0, 1, 1, 1, 0, 1, 1),1
(1, 0, 0, 0, 1, 0, 0, 1, 1, 0, 0, 0, 1),1
(1, 1, 0, 1, 1, 1, 0, 1, 1, 0, 1, 0, 1, 1),1
(0, 1, 1, 0, 1, 0, 1, 1, 0, 1, 0),1
(0, 1, 0, 1, 1, 1, 1, 1, 1, 0, 1, 1, 1, 1, 0, 0, 1, 1),1
(1, 1, 0, 1, 0, 1, 1, 0, 1, 0, 0, 1, 0),1
(0, 1, 0, 1, 1, 1, 1, 0, 0, 1, 0),1
(0, 1, 1, 1, 1, 1, 0, 0, 1, 0, 1, 0, 1, 0),1
(1, 1, 1, 1, 0, 1, 1, 0, 0, 1, 1, 0, 1),1
(0, 0, 1, 0, 0, 1, 1, 1, 0, 1, 1, 1, 1, 1),1
(0, 1, 0, 0, 1, 1, 0, 1, 1, 1, 0, 1, 1, 0, 0, 0),1
(1, 0, 0, 1, 1, 1, 1, 1, 0, 0, 0, 1, 0, 1),1
(0, 1, 0, 1, 1, 1, 1, 0, 1),1
(0, 1, 1, 0, 1, 1, 1, 1, 0, 1, 0, 0, 1, 1, 0, 0, 1, 1, 0, 0, 1, 0, 0, 1, 0, 1, 0, 0, 1, 1, 1),1
(0, 0, 1, 0, 1, 1, 0, 0, 1, 0, 1, 0),1
(0, 0, 1, 0, 0, 1, 0, 1, 0, 1, 1, 0),1
(1, 0, 0, 1, 0, 1, 1, 0, 0, 1),1
(1, 0, 0, 1, 1, 0, 1, 1, 0, 1, 1),1
(0, 1, 1, 0, 0, 0, 1, 0, 1),1
(1, 1, 0, 1, 1, 0, 0, 1, 0),1
(1, 1, 1, 0, 1, 0, 1, 1, 1, 1),1
(1, 1, 0, 0, 0, 1, 1, 0, 1, 1, 1, 1, 1),1
(1, 0, 0, 0, 1, 0, 0, 1, 0, 0),1
(0, 0, 1, 0, 1, 1, 0, 0, 0, 1, 0, 1, 0, 1, 0, 1, 1, 1, 0, 0, 1, 1, 1, 1, 1, 0, 1, 1, 1),1
(1, 0, 1, 1, 1, 0, 0, 1, 0, 1),1
(0, 1, 1, 0, 0, 0, 1, 1, 1, 1, 0),1
(1, 0, 1, 1, 0, 0, 1, 1, 1, 0),1
(1, 0, 1, 0, 0, 1, 0, 0, 1),1
(1, 1, 0, 0, 1, 1, 1, 1, 0),1
(0, 1, 1, 1, 1, 1, 1, 0, 0, 0, 1, 0),1
(1, 1, 0, 0, 1, 0, 0, 1, 0, 1, 0, 1, 1, 1, 1, 1, 0, 1, 0, 1, 0, 0, 1, 1, 0, 0, 1, 1, 1, 0, 1, 0),1
(0, 1, 1, 1, 0, 1, 1, 0, 1, 0, 1, 0, 1, 1, 0, 1, 0, 1, 1, 1, 0, 1, 0, 0, 0, 1),1
(0, 1, 0, 0, 1, 1, 0, 1, 0, 1, 0, 1, 1, 1),1
(0, 0, 1, 1, 1, 1, 1, 0, 1, 1),1
(1, 1, 1, 1, 0, 1, 0, 1, 1, 1),1
(0, 1, 1, 0, 0, 0, 1, 0, 0, 1, 0, 0, 1),1
(0, 1, 1, 0, 1, 1, 1, 1, 1, 0, 0, 0, 1, 0),1
(0, 1, 1, 1, 1, 0, 1, 0, 0, 1),1
(0, 1, 1, 0, 1, 0, 1, 1, 1, 0),1
(1, 0, 0, 1, 0, 0, 1, 1, 0, 1),1
(1, 0, 1, 0, 1, 0, 1, 1, 0, 0),1
(1, 1, 1, 0, 1, 1, 1, 1, 1, 1, 1, 1, 1, 1, 0, 1, 0, 1, 0),1
(0, 0, 1, 1, 1, 0, 1, 0, 0),1
(0, 0, 1, 1, 0, 1, 0, 0, 0, 1, 1, 0, 1, 1, 1, 1, 1, 0, 1, 0, 1, 1),1
(0, 1, 1, 0, 0, 1, 0, 1, 0, 1),1
(1, 0, 1, 0, 0, 0, 1, 0, 1),1
(1, 1, 0, 1, 1, 1, 0, 1, 1, 1, 0, 1),1
(1, 1, 1, 1, 1, 0, 1, 0, 0, 1, 1),1
(1, 0, 1, 0, 1, 1, 0, 0, 0, 1),1
(1, 0, 0, 1, 1, 0, 0, 1, 1, 0),1
(1, 0, 1, 1, 1, 1, 1, 1, 1, 1),1
(1, 1, 0, 1, 1, 1, 0, 1, 1, 0, 0, 1, 0, 0, 1, 0, 0, 1, 1, 1, 0, 1, 1, 0, 1, 0),1
(1, 1, 1, 0, 0, 1, 0, 1, 1),1
(1, 0, 1, 0, 1, 0, 1, 0, 1, 1, 0, 1, 0),1
(1, 0, 1, 1, 1, 1, 1, 0, 0, 1, 0, 1, 1, 1),1
(1, 0, 0, 0, 1, 0, 0, 1, 1, 0, 1, 0, 0, 0, 1, 0, 0, 1, 0, 0, 1, 0, 1, 0, 1, 0, 0, 1, 1, 1, 0, 1, 0, 1, 0, 1, 0, 1, 1, 1, 1, 0, 0, 0, 1),1
(1, 1, 1, 1, 1, 1, 0, 1, 0, 0, 1),1
(1, 1, 1, 0, 1, 0, 1, 0, 1, 1, 0),1
(0, 1, 1, 0, 0, 0, 1, 0, 1, 0, 1, 1),1
(1, 0, 1, 1, 0, 0, 1, 0, 0, 1, 0, 1, 1),1
(0, 1, 1, 0, 1, 1, 0, 1, 0, 1, 0, 1, 1, 1),1
(1, 1, 0, 1, 1, 1, 1, 0, 1, 1, 1),1
(0, 1, 0, 1, 1, 1, 1, 0, 1, 0, 0),1
(0, 1, 0, 0, 1, 1, 1, 1, 1, 0, 1, 0, 0, 0),1
(0, 0, 1, 0, 1, 0, 0, 1, 1, 0, 1, 0, 0),1
(0, 0, 1, 1, 1, 0, 0, 0, 1, 1, 0),1
(0, 1, 1, 0, 1, 0, 1, 0, 0, 1, 1, 0, 1),1
(1, 1, 1, 1, 0, 0, 1, 0, 1, 0, 1),1
(1, 1, 1, 0, 1, 1, 1, 1, 0, 0),1
(1, 1, 0, 1, 0, 0, 0, 1, 0, 0, 1),1
(0, 1, 1, 1, 1, 1, 1, 1, 1, 1, 1),1
(1, 0, 1, 0, 0, 0, 1, 0, 0, 1, 0, 1, 0, 1),1
(1, 1, 0, 1, 1, 0, 0, 1, 1, 1, 0, 1, 0, 1, 1, 1, 1, 0, 0, 1, 1, 0, 1, 1, 1, 0, 1, 1, 0, 1, 0, 1, 1),1
(0, 0, 1, 1, 1, 1, 1, 0, 0, 0, 1, 1, 0, 1, 0, 1, 0),1
(1, 1, 1, 0, 1, 1, 1, 1, 1, 0, 0),1
(0, 0, 1, 1, 1, 1, 0, 1, 1, 1),1
(0, 1, 1, 0, 0, 1, 1, 0, 1, 0, 1, 1, 0, 0, 1, 1, 1, 0),1
(0, 1, 0, 0, 1, 0, 0, 1, 1, 1, 1, 0, 1, 0, 0, 0, 1, 1, 0, 0, 0, 1, 1, 0, 0, 0, 1),1
(1, 1, 1, 1, 0, 0, 0, 1, 1, 1, 0),1
(1, 1, 1, 0, 0, 0, 1, 1, 0, 0),1
(0, 1, 0, 1, 1, 0, 1, 1, 1, 1, 0, 1),1
(1, 0, 0, 0, 1, 1, 1, 0, 1),1
(0, 0, 1, 1, 1, 1, 0, 0, 1, 1, 0, 0, 0, 1, 1, 1),1
(1, 1, 1, 0, 1, 1, 0, 1, 1, 1, 0, 1, 0, 0, 0, 1, 1, 0, 0, 0, 1, 0, 0, 1, 1, 1, 1, 1, 1, 0, 1, 1, 0, 0, 1, 1),1
(0, 1, 1, 0, 1, 1, 1, 1, 1, 1, 0, 1, 1, 1, 1, 0),1
(1, 1, 0, 0, 0, 1, 1, 0, 1, 1),1
(0, 1, 1, 0, 1, 0, 0, 1, 0),1
(0, 1, 0, 1, 1, 1, 1, 0, 0, 1),1
(1, 1, 0, 1, 1, 0, 1, 0, 1, 0, 0, 1),1
(1, 1, 1, 0, 0, 0, 1, 1, 1, 1, 0, 1, 0, 1),1
(1, 0, 0, 1, 1, 1, 1, 1, 1),1
(1, 0, 1, 0, 0, 1, 1, 0, 0, 1, 0, 1, 0, 0, 1, 0, 1, 1, 1, 0, 1, 1, 0, 0, 1, 1, 0, 1, 0, 0, 1, 0),1
(0, 0, 1, 1, 0, 0, 1, 1, 1, 0, 1, 1, 0),1
(1, 1, 0, 0, 1, 0, 0, 1, 1, 1, 0, 0, 1, 0, 0, 1, 1, 0, 1),1
(1, 0, 1, 0, 1, 1, 1, 0, 1, 0, 1, 1, 0, 0, 0, 1, 0, 0, 1, 0, 0, 1, 1, 0),1
(1, 1, 0, 1, 1, 0, 0, 1, 1, 0, 0),1
(1, 1, 1, 0, 0, 0, 1, 1, 0, 0, 0),1
(0, 0, 1, 1, 0, 1, 0, 0, 1, 1, 1, 1, 1, 1, 1),1
(1, 1, 1, 0, 0, 1, 1, 1, 1, 0, 1, 1, 0, 0, 0, 1, 0, 0, 1, 1, 0, 0, 1, 1, 0, 1, 0, 1, 0, 0, 1, 1, 1, 1),1
(0, 1, 1, 1, 0, 0, 1, 1, 1, 1, 0, 1, 0, 0, 1),1
(1, 0, 1, 0, 0, 0, 1, 1, 0, 1, 1, 0, 0),1
(0, 1, 0, 0, 1, 1, 0, 0, 0, 1, 0, 0),1
(1, 0, 0, 0, 1, 0, 0, 1, 0, 1),1
(1, 1, 0, 1, 1, 0, 0, 1, 0, 1, 1, 0, 0, 1, 1, 0),1
(0, 1, 1, 1, 0, 1, 0, 1, 1, 1, 1),1
(1, 0, 1, 0, 1, 0, 0, 1, 0, 1),1
(1, 0, 1, 0, 0, 1, 1, 1, 1, 1, 0, 0, 0, 1, 0, 1, 0, 0, 1, 1, 1, 1, 0, 1, 0, 1, 1, 1, 1, 1, 0, 1, 0, 1, 0, 1, 1, 0, 0, 1, 0, 0, 1, 0, 0, 1, 1, 1, 1, 0, 1, 1, 0, 1, 0, 1, 1, 1, 1, 0, 1, 1, 1),1
(0, 0, 1, 0, 1, 0, 0, 1, 0, 0),1
(1, 1, 0, 0, 0, 1, 1, 1, 1),1
(1, 0, 1, 1, 1, 1, 0, 1, 1, 0, 1, 1, 1, 1, 1, 1, 1),1
(0, 0, 1, 0, 1, 0, 0, 1, 0, 0, 1, 1),1
(0, 1, 0, 0, 1, 0, 0, 1, 1, 0, 0, 1, 1, 1, 0, 0),1
(1, 1, 0, 0, 1, 0, 0, 1, 1, 0, 0, 1, 1, 0, 0, 1, 0, 0),1
(1, 0, 0, 0, 1, 0, 0, 1, 1, 0, 0, 0),1
(1, 0, 1, 0, 1, 1, 1, 0, 1, 1, 0, 0, 1, 1, 0, 1),1
(1, 0, 1, 0, 0, 1, 0, 1, 0, 0, 1, 1, 1, 1, 1),1
(1, 1, 1, 1, 0, 1, 0, 1, 0, 0, 1, 0, 1, 1, 0),1
(1, 1, 0, 1, 0, 0, 1, 1, 1, 0, 1, 1),1
(0, 0, 1, 0, 1, 1, 0, 1, 0, 1),1
(0, 0, 1, 1, 0, 1, 0, 1, 0, 1, 0, 0, 1, 0, 1, 1, 0, 1, 1, 1, 1, 0, 1, 1),1
(1, 0, 1, 0, 1, 0, 1, 1, 0, 1, 1, 1),1
(0, 1, 1, 0, 1, 1, 0, 1, 1),1
(0, 0, 1, 1, 0, 0, 0, 1, 1, 1, 1),1
(1, 1, 0, 1, 1, 1, 0, 0, 1, 1, 0, 1, 1, 1, 0, 0, 0, 1, 0, 0, 1),1
(1, 0, 1, 1, 0, 0, 0, 1, 1, 0),1
(0, 0, 1, 0, 0, 1, 0, 0, 1, 1, 1, 1, 1, 1, 1, 1, 1, 1, 0, 0, 0, 1, 1, 1),1
(0, 1, 0, 0, 1, 1, 0, 0, 1, 0, 1, 0, 1, 0, 1, 1, 1, 0, 0, 1, 1, 0, 1, 0, 1, 1, 1),1
(0, 0, 1, 1, 0, 1, 0, 0, 0, 1),1
(0, 1, 1, 1, 0, 1, 0, 1, 0, 1, 0, 0),1
(1, 0, 0, 1, 0, 1, 0, 0, 1, 1, 1, 0, 0),1
(0, 1, 0, 1, 0, 0, 1, 0, 1, 0),1
(1, 1, 1, 0, 1, 0, 0, 0, 1, 0, 1, 1, 1, 0),1
(0, 1, 0, 1, 1, 1, 0, 1, 1, 1, 1),1
(1, 1, 1, 1, 0, 0, 0, 1, 0, 1, 1, 1, 0, 0, 1, 1, 0, 0, 1, 0, 1, 0, 0, 1, 1, 1),1
(0, 0, 1, 0, 1, 0, 0, 1, 1, 1, 1, 0),1
(1, 0, 0, 0, 1, 1, 0, 0, 1, 1, 1, 1, 0, 0, 1, 0, 1, 1, 1, 1, 0, 1, 1, 1, 1, 0),1
(0, 1, 0, 1, 1, 1, 0, 1, 0, 1, 1),1
(1, 0, 0, 1, 1, 0, 1, 0, 0),1
(1, 1, 0, 0, 1, 0, 1, 0, 1, 1, 1, 1, 0),1
(1, 1, 0, 1, 1, 1, 0, 0, 0, 1),1
(1, 1, 0, 1, 1, 0, 0, 0, 1, 0, 1, 0),1
(1, 0, 0, 0, 1, 1, 1, 0, 1, 0, 0, 0, 1, 0, 0),1
(1, 0, 0, 0, 1, 1, 0, 1, 1, 0, 1, 1),1
(0, 1, 1, 0, 0, 0, 1, 0, 0, 1, 1, 1, 0, 1, 0, 1, 1, 1, 1, 0),1
(1, 1, 1, 0, 1, 1, 0, 0, 0, 1, 0, 0, 1, 1, 1),1
(0, 1, 0, 0, 1, 0, 1, 1, 1, 1),1
(1, 1, 0, 1, 1, 1, 1, 1, 1, 0, 1, 0),1
(1, 1, 0, 0, 1, 1, 1, 1, 0, 0, 0, 1, 0, 1, 1, 1, 1, 1, 0, 0),1
(0, 0, 1, 0, 0, 1, 0, 1, 1, 1, 0, 0, 1, 1),1
(1, 1, 1, 1, 1, 0, 0, 1, 0, 1),1
(0, 1, 1, 1, 0, 1, 1, 1),1
(0, 1, 0, 1, 1, 1, 0, 0, 0, 1, 0, 1, 0, 1, 0, 0),1
(1, 0, 1, 1, 1, 1, 0, 1, 1, 0, 1, 0),1
(1, 0, 0, 1, 0, 1, 0, 1, 1),1
(1, 1, 0, 1, 0, 0, 0, 1, 0, 1, 1),1
(1, 0, 0, 0, 1, 0, 1, 1, 0, 0, 1, 1, 0, 0, 1, 1, 0),1
(0, 0, 1, 1, 1, 0, 1, 0, 1, 0, 1, 1),1
(1, 0, 1, 1, 1, 0, 1, 1, 1, 1, 0, 1, 1, 1, 0),1
(0, 1, 0, 1, 0, 0, 1, 0, 0, 1, 0, 1, 0),1
(1, 1, 0, 0, 0, 1, 1, 0, 0, 1, 0, 0, 1, 0, 1),1
(1, 1, 1, 0, 1, 0, 0, 1, 1, 0),1
(0, 0, 1, 1, 0, 1, 0, 1, 1, 1),1
(0, 0, 1, 1, 1, 0, 1, 1, 0, 0, 0, 1, 0, 0),1
(0, 1, 0, 0, 1, 1, 1, 1, 1, 1, 1, 0, 0, 0, 1, 1, 1, 0, 1, 0, 0, 0, 1, 1),1
(1, 0, 1, 0, 1, 1, 0, 1, 0, 1, 0),1
(1, 0, 1, 0, 1, 1, 1, 1, 0, 0),1
(1, 1, 1, 0, 0, 1, 1, 0, 0, 1),1
(1, 1, 1, 0, 0, 0, 1, 1, 1, 1, 1),1
(0, 1, 0, 0, 1, 0, 1, 1, 0, 1, 0, 0, 1, 0, 1, 0, 1, 0, 1, 1, 0, 1),1
(1, 1, 1, 1, 1, 0, 0, 0, 1, 0, 1, 1, 0),1
(0, 0, 1, 0, 1, 1, 1, 1, 0, 0, 0, 1),1
(1, 1, 1, 1, 0, 1, 0, 1, 0, 0),1
(1, 0, 1, 0, 1, 0, 1, 1, 0, 1),1
(0, 1, 0, 1, 0, 0, 1, 1, 1, 0, 0),1
(1, 1, 1, 1, 1, 1, 1, 0, 0, 1),1
(1, 1, 1, 0, 1, 0, 1, 1, 0, 1),1
(1, 1, 1, 0, 0, 0, 1, 1, 1, 1),1
(0, 1, 0, 0, 1, 0, 0, 1, 1, 1),1
(1, 0, 0, 1, 1, 1, 1, 0, 1, 0, 1, 0, 1, 0),1
(0, 1, 1, 0, 0, 1, 0, 1, 1, 0, 0),1
(0, 0, 1, 1, 1, 1, 1, 1, 1, 1, 1),1
(1, 0, 1, 0, 0, 1, 0, 1, 0),1
(1, 0, 1, 1, 0, 0, 1, 1, 0, 0, 1, 1),1
(1, 1, 1, 1, 1, 0, 0, 0, 1, 1),1
(1, 1, 1, 0, 0, 1, 0, 0, 1, 0, 0, 1, 1),1
(0, 1, 1, 0, 0, 0, 1, 0, 1, 1, 0, 1, 1, 1, 0, 0),1
(0, 1, 1, 0, 1, 1, 1, 1, 0, 1, 1, 1),1
(0, 0, 1, 0, 1, 1, 1, 1, 0, 1, 1, 0, 1, 0),1
(0, 0, 1, 0, 1, 1, 1, 0, 1, 0, 0, 0, 1, 0, 0, 1, 1, 1, 0, 0, 0, 1),1
(0, 0, 1, 0, 1, 0, 1, 0, 1, 1, 0, 1, 1),1
(1, 0, 1, 1, 1, 0, 0, 0, 1, 1, 1, 1),1
(0, 1, 0, 1, 0, 0, 1, 1, 0, 0, 1, 0, 0, 1, 0, 1, 1, 1, 0, 1, 1, 0),1
(0, 1, 1, 1, 1, 1, 1, 1, 1, 0, 0),1
(0, 0, 1, 1, 1, 1, 1, 1, 0),1
(0, 0, 1, 0, 0, 1, 1, 1, 1, 1, 0, 0),1
(0, 1, 1, 0, 0, 1, 1, 1, 0, 1, 1, 1, 0, 1, 0, 1, 0, 0, 1, 0, 1, 1, 1, 0, 1, 0, 0, 0, 1, 1),1
(0, 1, 1, 0, 0, 1, 1, 0, 0),1
(0, 1, 0, 1, 1, 1, 0, 0, 1, 1, 1),1
(1, 1, 0, 1, 1, 1, 0, 0, 1, 1),1
(1, 0, 1, 0, 1, 1, 1, 1, 0, 1),1
(1, 1, 1, 0, 0, 0, 1, 0, 0, 1, 1, 0, 1, 0, 1, 0, 0, 1, 0),1
(0, 1, 0, 1, 1, 1, 1, 0, 0, 0),1
(1, 0, 1, 1, 1, 0, 0, 1, 0, 0, 1, 1, 0, 0, 1),1
(1, 1, 0, 0, 1, 0, 0, 1, 0, 1, 0, 0, 1, 1, 0),1
(0, 1, 1, 0, 1, 1, 1, 1, 0, 1, 1, 1, 1, 0, 1, 1),1
(1, 0, 1, 1, 0, 0, 0, 1, 1, 0, 1),1
(0, 0, 1, 0, 0, 1, 0, 0, 1, 1),1
(0, 0, 1, 0, 0, 1, 0, 0, 1, 1, 0, 0),1
(1, 0, 0, 1, 1, 0, 1, 1, 0, 1),1
(1, 1, 1, 0, 0, 0, 1, 0, 1, 1, 1, 0, 1),1
(0, 1, 1, 0, 1, 1, 1, 0, 1, 1, 0, 1, 1, 1, 1),1
(1, 0, 0, 1, 1, 1, 0, 0, 1, 0, 0, 1, 1, 1, 0, 0),1
(0, 0, 1, 0, 0, 1, 0, 1, 1, 1, 0, 1, 0, 1),1
(1, 0, 0, 1, 1, 1, 0, 1, 0, 1, 1, 1, 1, 0),1
(1, 0, 1, 1, 0, 1, 0, 1, 0, 0),1
(1, 0, 1, 0, 1, 1, 0, 1, 1, 1, 1, 1, 1),1
(0, 0, 1, 1, 0, 1, 0, 0, 1, 0, 1, 0),1
(1, 1, 0, 1, 1, 1, 0, 1, 0),1
(1, 0, 0, 1, 1, 0, 1, 1, 0, 1, 1, 1, 1, 1, 1),1
(1, 0, 0, 0, 1, 0, 0, 1, 1, 1, 1, 1, 0, 0, 0, 1, 1, 0, 1, 0),1
(1, 0, 1, 0, 0, 0, 1, 1, 0, 1, 1, 0, 0, 0, 1, 0, 1, 0, 1, 0),1
(1, 0, 0, 0, 1, 0, 1, 1, 1, 1, 1, 1, 1, 1, 0, 1, 0, 1, 0, 0, 0, 1),1
(0, 0, 1, 1, 1, 1, 1, 1, 0, 1, 1, 1),1
(1, 0, 1, 0, 0, 1, 1, 0, 0, 1, 1, 1, 1, 0, 0, 0, 1, 1, 0),1
(1, 0, 1, 0, 1, 1, 0, 0, 1, 1, 0, 0, 1, 1, 1, 0, 0, 1, 0),1
(0, 0, 1, 1, 0, 0, 1, 1, 0, 1, 1),1
(0, 1, 0, 0, 1, 1, 0, 1, 0, 0, 0, 1, 0, 0, 1, 0, 1, 1),1
(1, 1, 0, 1, 1, 0, 0, 0, 1),1
(0, 1, 0, 0, 1, 0, 0, 1, 1, 1, 1),1
(1, 1, 0, 1, 1, 1, 1, 1, 0, 0, 1, 0, 1, 1, 1, 0),1
(1, 1, 0, 0, 1, 0, 1, 1, 1, 1),1
(1, 1, 0, 0, 0, 1, 0, 1, 1, 1, 0, 1, 0, 0, 0, 1, 1, 1, 1, 0, 1, 1, 1, 1, 0),1
(0, 1, 0, 1, 0, 1, 1, 0, 0, 0, 1, 1, 0, 1, 1, 1),1
(1, 1, 0, 0, 1, 0, 1, 1, 1, 1, 1, 0, 0, 1, 0, 1, 0, 1, 1, 1, 1, 1, 0, 1, 1, 0, 1, 1, 1, 1, 0, 1, 1, 0, 1, 0, 0, 1, 0),1
(0, 1, 0, 1, 0, 1, 0, 1, 0, 1, 0, 0, 1, 1, 0, 1, 0, 1, 0, 1, 1, 1, 1, 0, 1),1
(0, 0, 1, 1, 1, 1, 1, 0, 1, 1, 0, 0),1
(0, 0, 1, 0, 0, 1, 1, 0, 0, 1, 1, 0, 1, 0),1
(0, 1, 1, 1, 0, 1, 1, 1, 0, 1, 1, 0),1
(1, 0, 0, 1, 1, 1, 0, 0, 1, 0, 1),1
(0, 0, 1, 1, 1, 1, 0, 0, 1, 0, 1, 0, 1, 1),1
(0, 0, 1, 0, 1, 1, 0, 0, 1, 0, 1, 0, 0, 1, 0, 0, 1, 1, 0, 1, 1, 1, 0),1
(1, 1, 0, 0, 0, 1, 1, 0, 1, 0, 0, 1, 1, 0, 1, 0, 0, 1, 1, 0, 1, 1, 0),1
(1, 1, 0, 0, 1, 0, 0, 1, 0, 1, 1, 0, 1, 0, 0),1
(1, 1, 1, 1, 1, 0, 0, 1, 0, 1, 1),1
(0, 0, 1, 0, 1, 1, 0, 0, 1, 1, 1, 0, 1, 0, 0, 1, 1, 0, 0),1
(1, 1, 1, 1, 1, 0, 0, 1, 1, 0, 0, 1, 0, 1, 0, 0, 1, 0, 1, 0),1
(0, 1, 1, 1, 1, 1, 1, 0, 1, 1, 0),1
(1, 0, 1, 1, 1, 1, 0, 1, 1, 0, 1, 1),1
(1, 1, 1, 1, 0, 0, 1, 1, 0, 0, 0, 1),1
(1, 1, 1, 0, 1, 0, 1, 1, 0, 0, 0, 1, 0, 1, 0),1
(1, 0, 1, 0, 1, 0, 1, 0, 1, 1),1
(0, 0, 1, 1, 0, 1, 0, 1, 1, 1, 0),1
(1, 0, 0, 0, 1, 0, 1, 0, 1, 1, 1),1
(0, 1, 1, 0, 0, 1, 0, 1, 0),1
(1, 0, 1, 0, 0, 1, 1, 0, 1, 0, 0, 1),1
(1, 0, 1, 1, 1, 0, 1, 0, 1, 1, 0),1
(1, 1, 0, 1, 0, 1, 1, 1, 1, 1, 1, 0, 0, 1, 1, 0),1
(1, 0, 0, 1, 0, 1, 0, 1, 1, 0, 0, 0, 1, 1, 1, 0, 1, 1, 1, 0, 1, 1, 1, 1),1
(1, 1, 0, 0, 1, 0, 0, 1, 0),1
(1, 0, 1, 0, 0, 1, 0, 1, 1, 0, 0, 1),1
(1, 1, 0, 1, 1, 0, 1, 0, 0, 0, 1, 1, 1, 0),1
(1, 1, 0, 0, 0, 1, 0, 0, 1, 1, 0, 0, 1, 1, 0),1
(1, 1, 0, 1, 0, 1, 0, 0, 1, 0, 1, 0, 1, 0, 0, 1, 1, 0, 1, 0, 1, 1, 1, 1),1
(1, 0, 1, 1, 1, 0, 1, 0, 1, 0),1
(0, 1, 1, 1, 0, 1, 1, 1, 1, 0, 1, 0, 1, 0, 1, 0, 1, 1),1
(1, 0, 0, 1, 0, 0, 1, 0, 1, 0),1
(0, 1, 0, 0, 1, 0, 0, 1, 1, 0, 0, 1),1
(0, 1, 0, 1, 1, 0, 1, 1, 0, 1, 0, 0, 1, 0),1
(1, 1, 1, 1, 1, 0, 1, 0, 1, 1, 0, 1, 1, 0),1
(0, 1, 0, 0, 1, 0, 1, 1, 1, 0, 0),1
(0, 1, 1, 1, 0, 1, 1, 0, 1, 1, 1, 0, 1, 1, 1, 1, 1, 1, 1, 0),1
(0, 0, 1, 1, 1, 0, 0, 0, 1),1
(1, 1, 0, 0, 1, 0, 1, 0, 1, 0, 1, 1),1
(0, 1, 1, 1, 1, 0, 1, 0, 1),1
(0, 0, 1, 1, 1, 1, 1, 1, 0, 0, 0, 1, 1, 1),1
(1, 1, 1, 1, 1, 1, 1, 0, 1),1
(0, 0, 1, 1, 1, 0, 1, 1, 1, 1, 0, 1, 1),1
(1, 0, 1, 1, 0, 0, 1, 0, 0, 1, 1, 1, 0),1
(1, 0, 0, 1, 1, 1, 0, 1, 1),1
(0, 1, 0, 1, 1, 1, 0, 1, 1, 1, 1, 0, 0, 0, 1, 1, 1, 1, 0, 0, 0, 1, 0, 0, 1, 1, 0),1
(1, 0, 0, 0, 1, 0, 1, 0, 1, 1, 1, 0),1
